(kicad_pcb (version 20171130) (host pcbnew "(5.1.2)-2")

  (general
    (thickness 1.6)
    (drawings 2860)
    (tracks 732)
    (zones 0)
    (modules 68)
    (nets 78)
  )

  (page A4)
  (layers
    (0 F.Cu signal)
    (1 In1.Cu signal)
    (2 In2.Cu signal)
    (31 B.Cu signal)
    (32 B.Adhes user)
    (33 F.Adhes user)
    (34 B.Paste user)
    (35 F.Paste user)
    (36 B.SilkS user)
    (37 F.SilkS user)
    (38 B.Mask user)
    (39 F.Mask user)
    (40 Dwgs.User user)
    (41 Cmts.User user)
    (42 Eco1.User user)
    (43 Eco2.User user)
    (44 Edge.Cuts user)
    (45 Margin user)
    (46 B.CrtYd user hide)
    (47 F.CrtYd user hide)
    (48 B.Fab user hide)
    (49 F.Fab user hide)
  )

  (setup
    (last_trace_width 0.25)
    (user_trace_width 0.5)
    (user_trace_width 0.75)
    (user_trace_width 1)
    (user_trace_width 1.25)
    (user_trace_width 1.5)
    (trace_clearance 0.2)
    (zone_clearance 0.508)
    (zone_45_only no)
    (trace_min 0.2)
    (via_size 0.8)
    (via_drill 0.4)
    (via_min_size 0.4)
    (via_min_drill 0.3)
    (uvia_size 0.3)
    (uvia_drill 0.1)
    (uvias_allowed no)
    (uvia_min_size 0.2)
    (uvia_min_drill 0.1)
    (edge_width 0.05)
    (segment_width 0.2)
    (pcb_text_width 0.3)
    (pcb_text_size 1.5 1.5)
    (mod_edge_width 0.12)
    (mod_text_size 1 1)
    (mod_text_width 0.15)
    (pad_size 8 8)
    (pad_drill 4)
    (pad_to_mask_clearance 0.051)
    (solder_mask_min_width 0.25)
    (aux_axis_origin 0 0)
    (visible_elements 7FFFFFFF)
    (pcbplotparams
      (layerselection 0x010fc_ffffffff)
      (usegerberextensions false)
      (usegerberattributes false)
      (usegerberadvancedattributes false)
      (creategerberjobfile false)
      (excludeedgelayer true)
      (linewidth 0.100000)
      (plotframeref false)
      (viasonmask false)
      (mode 1)
      (useauxorigin false)
      (hpglpennumber 1)
      (hpglpenspeed 20)
      (hpglpendiameter 15.000000)
      (psnegative false)
      (psa4output false)
      (plotreference true)
      (plotvalue true)
      (plotinvisibletext false)
      (padsonsilk false)
      (subtractmaskfromsilk false)
      (outputformat 1)
      (mirror false)
      (drillshape 1)
      (scaleselection 1)
      (outputdirectory ""))
  )

  (net 0 "")
  (net 1 GND)
  (net 2 BUCK_IN)
  (net 3 BUCK_BST)
  (net 4 BUCK_SW)
  (net 5 "Net-(Cbst1-Pad2)")
  (net 6 "Net-(Cbst1-Pad1)")
  (net 7 "Net-(Ccomp1-Pad2)")
  (net 8 "Net-(Ccomp1-Pad1)")
  (net 9 "Net-(Ccomp2-Pad1)")
  (net 10 "Net-(Ccomp3-Pad1)")
  (net 11 "Net-(Cilim1-Pad1)")
  (net 12 +12V)
  (net 13 +8V)
  (net 14 "Net-(Css1-Pad1)")
  (net 15 "Net-(Cvcc1-Pad1)")
  (net 16 "Net-(Cvin1-Pad1)")
  (net 17 "Net-(F1-Pad1)")
  (net 18 "Net-(M1-Pad4)")
  (net 19 "Net-(M2-Pad4)")
  (net 20 BUCK_EN)
  (net 21 BUCK_FB)
  (net 22 "Net-(Rpgood1-Pad1)")
  (net 23 "Net-(Rt1-Pad1)")
  (net 24 "Net-(Ruv1-Pad2)")
  (net 25 "Net-(Rvcc1-Pad1)")
  (net 26 "Net-(U1-Pad16)")
  (net 27 "Net-(U1-Pad9)")
  (net 28 "Net-(U1-Pad7)")
  (net 29 PWM_SERVO)
  (net 30 FUEL_CUT)
  (net 31 CAN_L)
  (net 32 CAN_H)
  (net 33 "Net-(U4-Pad21)")
  (net 34 "Net-(U4-Pad22)")
  (net 35 "Net-(U4-Pad23)")
  (net 36 CAN_TX)
  (net 37 "Net-(U4-Pad24)")
  (net 38 CAN_RX)
  (net 39 GEAR_UP)
  (net 40 "Net-(U4-Pad15)")
  (net 41 GEAR_DOWN)
  (net 42 "Net-(U4-Pad14)")
  (net 43 "Net-(U4-Pad13)")
  (net 44 "Net-(U4-Pad29)")
  (net 45 "Net-(U4-Pad11)")
  (net 46 "Net-(U4-Pad10)")
  (net 47 "Net-(U4-Pad31)")
  (net 48 "Net-(U4-Pad9)")
  (net 49 "Net-(U4-Pad33)")
  (net 50 "Net-(U4-Pad34)")
  (net 51 "Net-(U4-Pad35)")
  (net 52 "Net-(U4-Pad36)")
  (net 53 "Net-(U4-Pad37)")
  (net 54 "Net-(U4-Pad2)")
  (net 55 "Net-(U4-Pad1)")
  (net 56 "Net-(U5-Pad5)")
  (net 57 "Net-(F1-Pad2)")
  (net 58 +5V)
  (net 59 "Net-(R5-Pad2)")
  (net 60 "Net-(R7-Pad2)")
  (net 61 GEAR_UP_NC)
  (net 62 GEAR_DOWN_NC)
  (net 63 "Net-(U4-Pad26)")
  (net 64 ABS_CS)
  (net 65 ABS_DO)
  (net 66 ABS_CLOCK)
  (net 67 +3V3)
  (net 68 "Net-(J2-Pad3)")
  (net 69 "Net-(J2-Pad10)")
  (net 70 GEAR_POS_SIG_5V)
  (net 71 "Net-(J4-Pad1)")
  (net 72 "Net-(R10-Pad1)")
  (net 73 GEAR_POS_SIG_3_3V)
  (net 74 "Net-(U4-Pad27)")
  (net 75 "Net-(U4-Pad8)")
  (net 76 "Net-(U4-Pad6)")
  (net 77 "Net-(U4-Pad5)")

  (net_class Default "To jest domyślna klasa połączeń."
    (clearance 0.2)
    (trace_width 0.25)
    (via_dia 0.8)
    (via_drill 0.4)
    (uvia_dia 0.3)
    (uvia_drill 0.1)
    (add_net +12V)
    (add_net +3V3)
    (add_net +5V)
    (add_net +8V)
    (add_net ABS_CLOCK)
    (add_net ABS_CS)
    (add_net ABS_DO)
    (add_net BUCK_BST)
    (add_net BUCK_EN)
    (add_net BUCK_FB)
    (add_net BUCK_IN)
    (add_net BUCK_SW)
    (add_net CAN_H)
    (add_net CAN_L)
    (add_net CAN_RX)
    (add_net CAN_TX)
    (add_net FUEL_CUT)
    (add_net GEAR_DOWN)
    (add_net GEAR_DOWN_NC)
    (add_net GEAR_POS_SIG_3_3V)
    (add_net GEAR_POS_SIG_5V)
    (add_net GEAR_UP)
    (add_net GEAR_UP_NC)
    (add_net GND)
    (add_net "Net-(Cbst1-Pad1)")
    (add_net "Net-(Cbst1-Pad2)")
    (add_net "Net-(Ccomp1-Pad1)")
    (add_net "Net-(Ccomp1-Pad2)")
    (add_net "Net-(Ccomp2-Pad1)")
    (add_net "Net-(Ccomp3-Pad1)")
    (add_net "Net-(Cilim1-Pad1)")
    (add_net "Net-(Css1-Pad1)")
    (add_net "Net-(Cvcc1-Pad1)")
    (add_net "Net-(Cvin1-Pad1)")
    (add_net "Net-(F1-Pad1)")
    (add_net "Net-(F1-Pad2)")
    (add_net "Net-(J2-Pad10)")
    (add_net "Net-(J2-Pad3)")
    (add_net "Net-(J4-Pad1)")
    (add_net "Net-(M1-Pad4)")
    (add_net "Net-(M2-Pad4)")
    (add_net "Net-(R10-Pad1)")
    (add_net "Net-(R5-Pad2)")
    (add_net "Net-(R7-Pad2)")
    (add_net "Net-(Rpgood1-Pad1)")
    (add_net "Net-(Rt1-Pad1)")
    (add_net "Net-(Ruv1-Pad2)")
    (add_net "Net-(Rvcc1-Pad1)")
    (add_net "Net-(U1-Pad16)")
    (add_net "Net-(U1-Pad7)")
    (add_net "Net-(U1-Pad9)")
    (add_net "Net-(U4-Pad1)")
    (add_net "Net-(U4-Pad10)")
    (add_net "Net-(U4-Pad11)")
    (add_net "Net-(U4-Pad13)")
    (add_net "Net-(U4-Pad14)")
    (add_net "Net-(U4-Pad15)")
    (add_net "Net-(U4-Pad2)")
    (add_net "Net-(U4-Pad21)")
    (add_net "Net-(U4-Pad22)")
    (add_net "Net-(U4-Pad23)")
    (add_net "Net-(U4-Pad24)")
    (add_net "Net-(U4-Pad26)")
    (add_net "Net-(U4-Pad27)")
    (add_net "Net-(U4-Pad29)")
    (add_net "Net-(U4-Pad31)")
    (add_net "Net-(U4-Pad33)")
    (add_net "Net-(U4-Pad34)")
    (add_net "Net-(U4-Pad35)")
    (add_net "Net-(U4-Pad36)")
    (add_net "Net-(U4-Pad37)")
    (add_net "Net-(U4-Pad5)")
    (add_net "Net-(U4-Pad6)")
    (add_net "Net-(U4-Pad8)")
    (add_net "Net-(U4-Pad9)")
    (add_net "Net-(U5-Pad5)")
    (add_net PWM_SERVO)
  )

  (module YAAJ_BluePill_2:YAAJ_BluePill_2 (layer F.Cu) (tedit 6029D01D) (tstamp 602DF38A)
    (at 51.689 141.986 90)
    (descr "Through hole headers for BluePill module. No SWD breakout. Fancy silkscreen.")
    (tags "module BlluePill Blue Pill header SWD breakout")
    (path /60124C01)
    (fp_text reference U4 (at 7.1755 21.971 180) (layer F.SilkS)
      (effects (font (size 1 1) (thickness 0.15)))
    )
    (fp_text value YAAJ_BluePill_Part_Like_SWD_Breakout (at 20.32 24.765) (layer F.Fab) hide
      (effects (font (size 1 1) (thickness 0.15)))
    )
    (fp_line (start 13.97 49.53) (end 13.97 -1.27) (layer F.Fab) (width 0.1))
    (fp_line (start 16.51 49.53) (end 13.97 49.53) (layer F.Fab) (width 0.1))
    (fp_line (start 16.51 -1.27) (end 16.51 49.53) (layer F.Fab) (width 0.1))
    (fp_line (start 13.97 -1.27) (end 16.51 -1.27) (layer F.Fab) (width 0.1))
    (fp_line (start -1.27 49.53) (end -1.27 -0.635) (layer F.Fab) (width 0.1))
    (fp_line (start 1.27 49.53) (end -1.27 49.53) (layer F.Fab) (width 0.1))
    (fp_line (start 1.27 -1.27) (end 1.27 49.53) (layer F.Fab) (width 0.1))
    (fp_line (start -0.635 -1.27) (end 1.27 -1.27) (layer F.Fab) (width 0.1))
    (fp_line (start -1.27 -0.635) (end -0.635 -1.27) (layer F.Fab) (width 0.1))
    (fp_line (start 11.52 3.48) (end 11.52 -2.32) (layer F.Fab) (width 0.1))
    (fp_line (start 3.72 3.48) (end 3.72 -2.32) (layer F.Fab) (width 0.1))
    (fp_line (start 3.72 3.48) (end 11.52 3.48) (layer F.Fab) (width 0.1))
    (fp_line (start -3.755 -2.445) (end 18.995 -2.445) (layer F.SilkS) (width 0.12))
    (fp_line (start 18.995 -2.445) (end 18.995 50.705) (layer F.SilkS) (width 0.12))
    (fp_line (start 18.995 50.705) (end -3.755 50.705) (layer F.SilkS) (width 0.12))
    (fp_line (start -3.755 50.705) (end -3.755 -2.445) (layer F.SilkS) (width 0.12))
    (fp_line (start 18.92 -2.37) (end 18.92 50.63) (layer F.Fab) (width 0.12))
    (fp_line (start -3.68 50.63) (end 18.92 50.63) (layer F.Fab) (width 0.12))
    (fp_line (start -3.68 50.63) (end -3.68 -2.32) (layer F.Fab) (width 0.12))
    (fp_line (start -3.68 -2.37) (end 18.92 -2.37) (layer F.Fab) (width 0.12))
    (fp_line (start -3.93 -2.62) (end 19.17 -2.62) (layer F.CrtYd) (width 0.05))
    (fp_line (start 19.17 -2.62) (end 19.17 50.88) (layer F.CrtYd) (width 0.05))
    (fp_line (start 19.17 50.88) (end -3.93 50.88) (layer F.CrtYd) (width 0.05))
    (fp_line (start -3.93 50.88) (end -3.93 -2.62) (layer F.CrtYd) (width 0.05))
    (fp_line (start -1.8 -1.8) (end -1.8 50.06) (layer F.CrtYd) (width 0.05))
    (fp_line (start -1.8 50.06) (end 1.8 50.06) (layer F.CrtYd) (width 0.05))
    (fp_line (start 1.8 -1.8) (end -1.8 -1.8) (layer F.CrtYd) (width 0.05))
    (fp_line (start 13.44 -1.8) (end 17.04 -1.8) (layer F.CrtYd) (width 0.05))
    (fp_line (start 17.04 -1.8) (end 17.04 50.06) (layer F.CrtYd) (width 0.05))
    (fp_line (start 17.04 50.06) (end 13.44 50.06) (layer F.CrtYd) (width 0.05))
    (fp_line (start 1.8 -1.8) (end 1.8 45.72) (layer F.CrtYd) (width 0.05))
    (fp_line (start 1.8 45.72) (end 1.8 50.06) (layer F.CrtYd) (width 0.05))
    (fp_line (start 13.44 -1.8) (end 13.44 45.72) (layer F.CrtYd) (width 0.05))
    (fp_line (start 13.44 45.72) (end 13.44 50.06) (layer F.CrtYd) (width 0.05))
    (fp_line (start -1.33 1.27) (end 1.33 1.27) (layer F.SilkS) (width 0.12))
    (fp_line (start 1.33 1.27) (end 1.33 49.59) (layer F.SilkS) (width 0.12))
    (fp_line (start 1.33 49.59) (end -1.33 49.59) (layer F.SilkS) (width 0.12))
    (fp_line (start -1.33 49.59) (end -1.33 1.27) (layer F.SilkS) (width 0.12))
    (fp_line (start 13.97 -1.27) (end 16.51 -1.27) (layer F.SilkS) (width 0.12))
    (fp_line (start 16.51 -1.27) (end 16.51 49.53) (layer F.SilkS) (width 0.12))
    (fp_line (start 16.51 49.53) (end 13.97 49.53) (layer F.SilkS) (width 0.12))
    (fp_line (start 13.97 49.53) (end 13.97 -1.27) (layer F.SilkS) (width 0.12))
    (fp_line (start -1.33 0) (end -1.33 -1.33) (layer F.SilkS) (width 0.12))
    (fp_line (start -1.33 -1.33) (end 0 -1.33) (layer F.SilkS) (width 0.12))
    (fp_text user Y@@J (at 2.921 -1.016 180 unlocked) (layer F.CrtYd)
      (effects (font (size 0.5 0.5) (thickness 0.1)))
    )
    (fp_text user REF** (at 7.62 24.13) (layer F.Fab)
      (effects (font (size 1 1) (thickness 0.15)))
    )
    (pad 20 thru_hole circle (at 0 48.26 90) (size 1.7 1.7) (drill 1) (layers *.Cu *.Mask)
      (net 67 +3V3))
    (pad 21 thru_hole circle (at 15.24 48.26 90) (size 1.7 1.7) (drill 1) (layers *.Cu *.Mask)
      (net 33 "Net-(U4-Pad21)"))
    (pad 19 thru_hole circle (at 0 45.72 90) (size 1.7 1.7) (drill 1) (layers *.Cu *.Mask)
      (net 1 GND))
    (pad 22 thru_hole circle (at 15.24 45.72 90) (size 1.7 1.7) (drill 1) (layers *.Cu *.Mask)
      (net 34 "Net-(U4-Pad22)"))
    (pad 18 thru_hole circle (at 0 43.18 90) (size 1.7 1.7) (drill 1) (layers *.Cu *.Mask)
      (net 58 +5V))
    (pad 23 thru_hole circle (at 15.24 43.18 90) (size 1.7 1.7) (drill 1) (layers *.Cu *.Mask)
      (net 35 "Net-(U4-Pad23)"))
    (pad 17 thru_hole circle (at 0 40.64 90) (size 1.7 1.7) (drill 1) (layers *.Cu *.Mask)
      (net 36 CAN_TX))
    (pad 24 thru_hole circle (at 15.24 40.64 90) (size 1.7 1.7) (drill 1) (layers *.Cu *.Mask)
      (net 37 "Net-(U4-Pad24)"))
    (pad 16 thru_hole circle (at 0 38.1 90) (size 1.7 1.7) (drill 1) (layers *.Cu *.Mask)
      (net 38 CAN_RX))
    (pad 25 thru_hole circle (at 15.24 38.1 90) (size 1.7 1.7) (drill 1) (layers *.Cu *.Mask)
      (net 73 GEAR_POS_SIG_3_3V))
    (pad 15 thru_hole circle (at 0 35.56 90) (size 1.7 1.7) (drill 1) (layers *.Cu *.Mask)
      (net 40 "Net-(U4-Pad15)"))
    (pad 26 thru_hole circle (at 15.24 35.56 90) (size 1.7 1.7) (drill 1) (layers *.Cu *.Mask)
      (net 63 "Net-(U4-Pad26)"))
    (pad 14 thru_hole circle (at 0 33.02 90) (size 1.7 1.7) (drill 1) (layers *.Cu *.Mask)
      (net 42 "Net-(U4-Pad14)"))
    (pad 27 thru_hole circle (at 15.24 33.02 90) (size 1.7 1.7) (drill 1) (layers *.Cu *.Mask)
      (net 74 "Net-(U4-Pad27)"))
    (pad 13 thru_hole circle (at 0 30.48 90) (size 1.7 1.7) (drill 1) (layers *.Cu *.Mask)
      (net 43 "Net-(U4-Pad13)"))
    (pad 28 thru_hole circle (at 15.24 30.48 90) (size 1.7 1.7) (drill 1) (layers *.Cu *.Mask)
      (net 66 ABS_CLOCK))
    (pad 12 thru_hole circle (at 0 27.94 90) (size 1.7 1.7) (drill 1) (layers *.Cu *.Mask)
      (net 30 FUEL_CUT))
    (pad 29 thru_hole circle (at 15.24 27.94 90) (size 1.7 1.7) (drill 1) (layers *.Cu *.Mask)
      (net 44 "Net-(U4-Pad29)"))
    (pad 11 thru_hole circle (at 0 25.4 90) (size 1.7 1.7) (drill 1) (layers *.Cu *.Mask)
      (net 45 "Net-(U4-Pad11)"))
    (pad 30 thru_hole circle (at 15.24 25.4 90) (size 1.7 1.7) (drill 1) (layers *.Cu *.Mask)
      (net 64 ABS_CS))
    (pad 10 thru_hole circle (at 0 22.86 90) (size 1.7 1.7) (drill 1) (layers *.Cu *.Mask)
      (net 46 "Net-(U4-Pad10)"))
    (pad 31 thru_hole circle (at 15.24 22.86 90) (size 1.7 1.7) (drill 1) (layers *.Cu *.Mask)
      (net 47 "Net-(U4-Pad31)"))
    (pad 9 thru_hole circle (at 0 20.32 90) (size 1.7 1.7) (drill 1) (layers *.Cu *.Mask)
      (net 48 "Net-(U4-Pad9)"))
    (pad 32 thru_hole circle (at 15.24 20.32 90) (size 1.7 1.7) (drill 1) (layers *.Cu *.Mask)
      (net 65 ABS_DO))
    (pad 8 thru_hole circle (at 0 17.78 90) (size 1.7 1.7) (drill 1) (layers *.Cu *.Mask)
      (net 75 "Net-(U4-Pad8)"))
    (pad 33 thru_hole circle (at 15.24 17.78 90) (size 1.7 1.7) (drill 1) (layers *.Cu *.Mask)
      (net 49 "Net-(U4-Pad33)"))
    (pad 7 thru_hole circle (at 0 15.24 90) (size 1.7 1.7) (drill 1) (layers *.Cu *.Mask)
      (net 29 PWM_SERVO))
    (pad 34 thru_hole circle (at 15.24 15.24 90) (size 1.7 1.7) (drill 1) (layers *.Cu *.Mask)
      (net 50 "Net-(U4-Pad34)"))
    (pad 6 thru_hole circle (at 0 12.7 90) (size 1.7 1.7) (drill 1) (layers *.Cu *.Mask)
      (net 76 "Net-(U4-Pad6)"))
    (pad 35 thru_hole circle (at 15.24 12.7 90) (size 1.7 1.7) (drill 1) (layers *.Cu *.Mask)
      (net 51 "Net-(U4-Pad35)"))
    (pad 5 thru_hole circle (at 0 10.16 90) (size 1.7 1.7) (drill 1) (layers *.Cu *.Mask)
      (net 77 "Net-(U4-Pad5)"))
    (pad 36 thru_hole circle (at 15.24 10.16 90) (size 1.7 1.7) (drill 1) (layers *.Cu *.Mask)
      (net 52 "Net-(U4-Pad36)"))
    (pad 4 thru_hole circle (at 0 7.62 90) (size 1.7 1.7) (drill 1) (layers *.Cu *.Mask)
      (net 60 "Net-(R7-Pad2)"))
    (pad 37 thru_hole circle (at 15.24 7.62 90) (size 1.7 1.7) (drill 1) (layers *.Cu *.Mask)
      (net 53 "Net-(U4-Pad37)"))
    (pad 3 thru_hole circle (at 0 5.08 90) (size 1.7 1.7) (drill 1) (layers *.Cu *.Mask)
      (net 59 "Net-(R5-Pad2)"))
    (pad 38 thru_hole circle (at 15.24 5.08 90) (size 1.7 1.7) (drill 1) (layers *.Cu *.Mask)
      (net 67 +3V3))
    (pad 2 thru_hole circle (at 0 2.54 90) (size 1.7 1.7) (drill 1) (layers *.Cu *.Mask)
      (net 54 "Net-(U4-Pad2)"))
    (pad 39 thru_hole circle (at 15.24 2.54 90) (size 1.7 1.7) (drill 1) (layers *.Cu *.Mask)
      (net 1 GND))
    (pad 1 thru_hole rect (at 0 0 90) (size 1.7 1.7) (drill 1) (layers *.Cu *.Mask)
      (net 55 "Net-(U4-Pad1)"))
    (pad 40 thru_hole circle (at 15.24 0 90) (size 1.7 1.7) (drill 1) (layers *.Cu *.Mask)
      (net 1 GND))
    (model D:/Users/admin/Documents/KiCad/Libraries/packages3d/Modules/STM32_Blue_Pill/YAAJ_BluePill_PinHeaders_H_SWD_cp.wrl
      (at (xyz 0 0 0))
      (scale (xyz 1 1 1))
      (rotate (xyz 0 0 0))
    )
    (model D:/Users/admin/Documents/KiCad/Libraries/packages3d/Modules/STM32_Blue_Pill/YAAJ_BluePill_PinHeaders_No_SWD_cp.wrl
      (at (xyz 0 0 0))
      (scale (xyz 1 1 1))
      (rotate (xyz 0 0 0))
    )
    (model D:/Users/admin/Documents/KiCad/Libraries/packages3d/Modules/STM32_Blue_Pill/YAAJ_BluePill_PinHeaders_V_SWD_cp.wrl
      (at (xyz 0 0 0))
      (scale (xyz 1 1 1))
      (rotate (xyz 0 0 0))
    )
    (model D:/Users/admin/Documents/KiCad/Libraries/packages3d/Modules/STM32_Blue_Pill/YAAJ_BluePill_PinSockets_H_SWD_cp.wrl
      (at (xyz 0 0 0))
      (scale (xyz 1 1 1))
      (rotate (xyz 0 0 0))
    )
    (model D:/Users/admin/Documents/KiCad/Libraries/packages3d/Modules/STM32_Blue_Pill/YAAJ_BluePill_PinSockets_No_SWD_cp.wrl
      (at (xyz 0 0 0))
      (scale (xyz 1 1 1))
      (rotate (xyz 0 0 0))
    )
    (model D:/Users/admin/Documents/KiCad/Libraries/packages3d/Modules/STM32_Blue_Pill/YAAJ_BluePill_PinSockets_V_SWD_cp.wrl
      (at (xyz 0 0 0))
      (scale (xyz 1 1 1))
      (rotate (xyz 0 0 0))
    )
  )

  (module Capacitor_SMD:C_0603_1608Metric (layer F.Cu) (tedit 5B301BBE) (tstamp 602D9E78)
    (at 41.783 156.0195 270)
    (descr "Capacitor SMD 0603 (1608 Metric), square (rectangular) end terminal, IPC_7351 nominal, (Body size source: http://www.tortai-tech.com/upload/download/2011102023233369053.pdf), generated with kicad-footprint-generator")
    (tags capacitor)
    (path /60505E8F)
    (attr smd)
    (fp_text reference C8 (at 0 -1.43 90) (layer F.Fab)
      (effects (font (size 1 1) (thickness 0.15)))
    )
    (fp_text value 0.1uF (at 0 1.43 90) (layer F.Fab)
      (effects (font (size 1 1) (thickness 0.15)))
    )
    (fp_text user %R (at 0 0 90) (layer F.Fab)
      (effects (font (size 0.4 0.4) (thickness 0.06)))
    )
    (fp_line (start 1.48 0.73) (end -1.48 0.73) (layer F.CrtYd) (width 0.05))
    (fp_line (start 1.48 -0.73) (end 1.48 0.73) (layer F.CrtYd) (width 0.05))
    (fp_line (start -1.48 -0.73) (end 1.48 -0.73) (layer F.CrtYd) (width 0.05))
    (fp_line (start -1.48 0.73) (end -1.48 -0.73) (layer F.CrtYd) (width 0.05))
    (fp_line (start -0.162779 0.51) (end 0.162779 0.51) (layer F.SilkS) (width 0.12))
    (fp_line (start -0.162779 -0.51) (end 0.162779 -0.51) (layer F.SilkS) (width 0.12))
    (fp_line (start 0.8 0.4) (end -0.8 0.4) (layer F.Fab) (width 0.1))
    (fp_line (start 0.8 -0.4) (end 0.8 0.4) (layer F.Fab) (width 0.1))
    (fp_line (start -0.8 -0.4) (end 0.8 -0.4) (layer F.Fab) (width 0.1))
    (fp_line (start -0.8 0.4) (end -0.8 -0.4) (layer F.Fab) (width 0.1))
    (pad 2 smd roundrect (at 0.7875 0 270) (size 0.875 0.95) (layers F.Cu F.Paste F.Mask) (roundrect_rratio 0.25)
      (net 1 GND))
    (pad 1 smd roundrect (at -0.7875 0 270) (size 0.875 0.95) (layers F.Cu F.Paste F.Mask) (roundrect_rratio 0.25)
      (net 58 +5V))
    (model ${KISYS3DMOD}/Capacitor_SMD.3dshapes/C_0603_1608Metric.wrl
      (at (xyz 0 0 0))
      (scale (xyz 1 1 1))
      (rotate (xyz 0 0 0))
    )
  )

  (module Capacitor_SMD:C_0805_2012Metric (layer B.Cu) (tedit 5B36C52B) (tstamp 602F0327)
    (at 51.7525 153.162 180)
    (descr "Capacitor SMD 0805 (2012 Metric), square (rectangular) end terminal, IPC_7351 nominal, (Body size source: https://docs.google.com/spreadsheets/d/1BsfQQcO9C6DZCsRaXUlFlo91Tg2WpOkGARC1WS5S8t0/edit?usp=sharing), generated with kicad-footprint-generator")
    (tags capacitor)
    (path /6095518D)
    (attr smd)
    (fp_text reference C5 (at 0 1.65) (layer F.Fab)
      (effects (font (size 1 1) (thickness 0.15)) (justify mirror))
    )
    (fp_text value 0.1uF (at 0 -1.65) (layer B.Fab)
      (effects (font (size 1 1) (thickness 0.15)) (justify mirror))
    )
    (fp_text user %R (at 0 0) (layer B.Fab)
      (effects (font (size 0.5 0.5) (thickness 0.08)) (justify mirror))
    )
    (fp_line (start 1.68 -0.95) (end -1.68 -0.95) (layer B.CrtYd) (width 0.05))
    (fp_line (start 1.68 0.95) (end 1.68 -0.95) (layer B.CrtYd) (width 0.05))
    (fp_line (start -1.68 0.95) (end 1.68 0.95) (layer B.CrtYd) (width 0.05))
    (fp_line (start -1.68 -0.95) (end -1.68 0.95) (layer B.CrtYd) (width 0.05))
    (fp_line (start -0.258578 -0.71) (end 0.258578 -0.71) (layer B.SilkS) (width 0.12))
    (fp_line (start -0.258578 0.71) (end 0.258578 0.71) (layer B.SilkS) (width 0.12))
    (fp_line (start 1 -0.6) (end -1 -0.6) (layer B.Fab) (width 0.1))
    (fp_line (start 1 0.6) (end 1 -0.6) (layer B.Fab) (width 0.1))
    (fp_line (start -1 0.6) (end 1 0.6) (layer B.Fab) (width 0.1))
    (fp_line (start -1 -0.6) (end -1 0.6) (layer B.Fab) (width 0.1))
    (pad 2 smd roundrect (at 0.9375 0 180) (size 0.975 1.4) (layers B.Cu B.Paste B.Mask) (roundrect_rratio 0.25)
      (net 1 GND))
    (pad 1 smd roundrect (at -0.9375 0 180) (size 0.975 1.4) (layers B.Cu B.Paste B.Mask) (roundrect_rratio 0.25)
      (net 58 +5V))
    (model ${KISYS3DMOD}/Capacitor_SMD.3dshapes/C_0805_2012Metric.wrl
      (at (xyz 0 0 0))
      (scale (xyz 1 1 1))
      (rotate (xyz 0 0 0))
    )
  )

  (module Capacitor_SMD:C_0805_2012Metric (layer B.Cu) (tedit 5B36C52B) (tstamp 602F15D0)
    (at 52.1335 148.082 270)
    (descr "Capacitor SMD 0805 (2012 Metric), square (rectangular) end terminal, IPC_7351 nominal, (Body size source: https://docs.google.com/spreadsheets/d/1BsfQQcO9C6DZCsRaXUlFlo91Tg2WpOkGARC1WS5S8t0/edit?usp=sharing), generated with kicad-footprint-generator")
    (tags capacitor)
    (path /60955B46)
    (attr smd)
    (fp_text reference C6 (at 0 1.65 90) (layer F.Fab)
      (effects (font (size 1 1) (thickness 0.15)) (justify mirror))
    )
    (fp_text value 10uF (at 0 -1.65 90) (layer B.Fab)
      (effects (font (size 1 1) (thickness 0.15)) (justify mirror))
    )
    (fp_text user %R (at 0 0 90) (layer B.Fab)
      (effects (font (size 0.5 0.5) (thickness 0.08)) (justify mirror))
    )
    (fp_line (start 1.68 -0.95) (end -1.68 -0.95) (layer B.CrtYd) (width 0.05))
    (fp_line (start 1.68 0.95) (end 1.68 -0.95) (layer B.CrtYd) (width 0.05))
    (fp_line (start -1.68 0.95) (end 1.68 0.95) (layer B.CrtYd) (width 0.05))
    (fp_line (start -1.68 -0.95) (end -1.68 0.95) (layer B.CrtYd) (width 0.05))
    (fp_line (start -0.258578 -0.71) (end 0.258578 -0.71) (layer B.SilkS) (width 0.12))
    (fp_line (start -0.258578 0.71) (end 0.258578 0.71) (layer B.SilkS) (width 0.12))
    (fp_line (start 1 -0.6) (end -1 -0.6) (layer B.Fab) (width 0.1))
    (fp_line (start 1 0.6) (end 1 -0.6) (layer B.Fab) (width 0.1))
    (fp_line (start -1 0.6) (end 1 0.6) (layer B.Fab) (width 0.1))
    (fp_line (start -1 -0.6) (end -1 0.6) (layer B.Fab) (width 0.1))
    (pad 2 smd roundrect (at 0.9375 0 270) (size 0.975 1.4) (layers B.Cu B.Paste B.Mask) (roundrect_rratio 0.25)
      (net 1 GND))
    (pad 1 smd roundrect (at -0.9375 0 270) (size 0.975 1.4) (layers B.Cu B.Paste B.Mask) (roundrect_rratio 0.25)
      (net 67 +3V3))
    (model ${KISYS3DMOD}/Capacitor_SMD.3dshapes/C_0805_2012Metric.wrl
      (at (xyz 0 0 0))
      (scale (xyz 1 1 1))
      (rotate (xyz 0 0 0))
    )
  )

  (module Package_TO_SOT_SMD:SOT-223-3_TabPin2 (layer B.Cu) (tedit 5A02FF57) (tstamp 602F12B6)
    (at 58.293 149.225)
    (descr "module CMS SOT223 4 pins")
    (tags "CMS SOT")
    (path /60957184)
    (attr smd)
    (fp_text reference U7 (at 0 4.5) (layer F.Fab)
      (effects (font (size 1 1) (thickness 0.15)) (justify mirror))
    )
    (fp_text value LM2937xMP (at 0 -4.5) (layer B.Fab)
      (effects (font (size 1 1) (thickness 0.15)) (justify mirror))
    )
    (fp_line (start 1.85 3.35) (end 1.85 -3.35) (layer B.Fab) (width 0.1))
    (fp_line (start -1.85 -3.35) (end 1.85 -3.35) (layer B.Fab) (width 0.1))
    (fp_line (start -4.1 3.41) (end 1.91 3.41) (layer B.SilkS) (width 0.12))
    (fp_line (start -0.85 3.35) (end 1.85 3.35) (layer B.Fab) (width 0.1))
    (fp_line (start -1.85 -3.41) (end 1.91 -3.41) (layer B.SilkS) (width 0.12))
    (fp_line (start -1.85 2.35) (end -1.85 -3.35) (layer B.Fab) (width 0.1))
    (fp_line (start -1.85 2.35) (end -0.85 3.35) (layer B.Fab) (width 0.1))
    (fp_line (start -4.4 3.6) (end -4.4 -3.6) (layer B.CrtYd) (width 0.05))
    (fp_line (start -4.4 -3.6) (end 4.4 -3.6) (layer B.CrtYd) (width 0.05))
    (fp_line (start 4.4 -3.6) (end 4.4 3.6) (layer B.CrtYd) (width 0.05))
    (fp_line (start 4.4 3.6) (end -4.4 3.6) (layer B.CrtYd) (width 0.05))
    (fp_line (start 1.91 3.41) (end 1.91 2.15) (layer B.SilkS) (width 0.12))
    (fp_line (start 1.91 -3.41) (end 1.91 -2.15) (layer B.SilkS) (width 0.12))
    (fp_text user %R (at 0 0 -90) (layer B.Fab)
      (effects (font (size 0.8 0.8) (thickness 0.12)) (justify mirror))
    )
    (pad 1 smd rect (at -3.15 2.3) (size 2 1.5) (layers B.Cu B.Paste B.Mask)
      (net 58 +5V))
    (pad 3 smd rect (at -3.15 -2.3) (size 2 1.5) (layers B.Cu B.Paste B.Mask)
      (net 67 +3V3))
    (pad 2 smd rect (at -3.15 0) (size 2 1.5) (layers B.Cu B.Paste B.Mask)
      (net 1 GND))
    (pad 2 smd rect (at 3.15 0) (size 2 3.8) (layers B.Cu B.Paste B.Mask)
      (net 1 GND))
    (model ${KISYS3DMOD}/Package_TO_SOT_SMD.3dshapes/SOT-223.wrl
      (at (xyz 0 0 0))
      (scale (xyz 1 1 1))
      (rotate (xyz 0 0 0))
    )
  )

  (module Capacitor_SMD:C_0805_2012Metric (layer F.Cu) (tedit 5B36C52B) (tstamp 602D9E67)
    (at 47.9425 150.1775 270)
    (descr "Capacitor SMD 0805 (2012 Metric), square (rectangular) end terminal, IPC_7351 nominal, (Body size source: https://docs.google.com/spreadsheets/d/1BsfQQcO9C6DZCsRaXUlFlo91Tg2WpOkGARC1WS5S8t0/edit?usp=sharing), generated with kicad-footprint-generator")
    (tags capacitor)
    (path /60760A02)
    (attr smd)
    (fp_text reference C7 (at 0 -1.65 90) (layer F.Fab)
      (effects (font (size 1 1) (thickness 0.15)))
    )
    (fp_text value 0.1uF (at 0 1.65 90) (layer F.Fab)
      (effects (font (size 1 1) (thickness 0.15)))
    )
    (fp_text user %R (at 0 0 90) (layer F.Fab)
      (effects (font (size 0.5 0.5) (thickness 0.08)))
    )
    (fp_line (start 1.68 0.95) (end -1.68 0.95) (layer F.CrtYd) (width 0.05))
    (fp_line (start 1.68 -0.95) (end 1.68 0.95) (layer F.CrtYd) (width 0.05))
    (fp_line (start -1.68 -0.95) (end 1.68 -0.95) (layer F.CrtYd) (width 0.05))
    (fp_line (start -1.68 0.95) (end -1.68 -0.95) (layer F.CrtYd) (width 0.05))
    (fp_line (start -0.258578 0.71) (end 0.258578 0.71) (layer F.SilkS) (width 0.12))
    (fp_line (start -0.258578 -0.71) (end 0.258578 -0.71) (layer F.SilkS) (width 0.12))
    (fp_line (start 1 0.6) (end -1 0.6) (layer F.Fab) (width 0.1))
    (fp_line (start 1 -0.6) (end 1 0.6) (layer F.Fab) (width 0.1))
    (fp_line (start -1 -0.6) (end 1 -0.6) (layer F.Fab) (width 0.1))
    (fp_line (start -1 0.6) (end -1 -0.6) (layer F.Fab) (width 0.1))
    (pad 2 smd roundrect (at 0.9375 0 270) (size 0.975 1.4) (layers F.Cu F.Paste F.Mask) (roundrect_rratio 0.25)
      (net 1 GND))
    (pad 1 smd roundrect (at -0.9375 0 270) (size 0.975 1.4) (layers F.Cu F.Paste F.Mask) (roundrect_rratio 0.25)
      (net 67 +3V3))
    (model ${KISYS3DMOD}/Capacitor_SMD.3dshapes/C_0805_2012Metric.wrl
      (at (xyz 0 0 0))
      (scale (xyz 1 1 1))
      (rotate (xyz 0 0 0))
    )
  )

  (module Package_TO_SOT_SMD:SOT-23-5 (layer F.Cu) (tedit 5A02FF57) (tstamp 602EC526)
    (at 45.085 147.6375 270)
    (descr "5-pin SOT23 package")
    (tags SOT-23-5)
    (path /6092F5C1)
    (attr smd)
    (fp_text reference U6 (at 0 -2.9 90) (layer F.Fab)
      (effects (font (size 1 1) (thickness 0.15)))
    )
    (fp_text value OPA340NA (at 0 2.9 90) (layer F.Fab)
      (effects (font (size 1 1) (thickness 0.15)))
    )
    (fp_line (start 0.9 -1.55) (end 0.9 1.55) (layer F.Fab) (width 0.1))
    (fp_line (start 0.9 1.55) (end -0.9 1.55) (layer F.Fab) (width 0.1))
    (fp_line (start -0.9 -0.9) (end -0.9 1.55) (layer F.Fab) (width 0.1))
    (fp_line (start 0.9 -1.55) (end -0.25 -1.55) (layer F.Fab) (width 0.1))
    (fp_line (start -0.9 -0.9) (end -0.25 -1.55) (layer F.Fab) (width 0.1))
    (fp_line (start -1.9 1.8) (end -1.9 -1.8) (layer F.CrtYd) (width 0.05))
    (fp_line (start 1.9 1.8) (end -1.9 1.8) (layer F.CrtYd) (width 0.05))
    (fp_line (start 1.9 -1.8) (end 1.9 1.8) (layer F.CrtYd) (width 0.05))
    (fp_line (start -1.9 -1.8) (end 1.9 -1.8) (layer F.CrtYd) (width 0.05))
    (fp_line (start 0.9 -1.61) (end -1.55 -1.61) (layer F.SilkS) (width 0.12))
    (fp_line (start -0.9 1.61) (end 0.9 1.61) (layer F.SilkS) (width 0.12))
    (fp_text user %R (at 0 0) (layer F.Fab)
      (effects (font (size 0.5 0.5) (thickness 0.075)))
    )
    (pad 5 smd rect (at 1.1 -0.95 270) (size 1.06 0.65) (layers F.Cu F.Paste F.Mask)
      (net 67 +3V3))
    (pad 4 smd rect (at 1.1 0.95 270) (size 1.06 0.65) (layers F.Cu F.Paste F.Mask)
      (net 72 "Net-(R10-Pad1)"))
    (pad 3 smd rect (at -1.1 0.95 270) (size 1.06 0.65) (layers F.Cu F.Paste F.Mask)
      (net 73 GEAR_POS_SIG_3_3V))
    (pad 2 smd rect (at -1.1 0 270) (size 1.06 0.65) (layers F.Cu F.Paste F.Mask)
      (net 1 GND))
    (pad 1 smd rect (at -1.1 -0.95 270) (size 1.06 0.65) (layers F.Cu F.Paste F.Mask)
      (net 73 GEAR_POS_SIG_3_3V))
    (model ${KISYS3DMOD}/Package_TO_SOT_SMD.3dshapes/SOT-23-5.wrl
      (at (xyz 0 0 0))
      (scale (xyz 1 1 1))
      (rotate (xyz 0 0 0))
    )
  )

  (module Capacitor_SMD:C_0603_1608Metric (layer B.Cu) (tedit 5B301BBE) (tstamp 60310C7E)
    (at 90.678 132.2705 270)
    (descr "Capacitor SMD 0603 (1608 Metric), square (rectangular) end terminal, IPC_7351 nominal, (Body size source: http://www.tortai-tech.com/upload/download/2011102023233369053.pdf), generated with kicad-footprint-generator")
    (tags capacitor)
    (path /6035D825)
    (attr smd)
    (fp_text reference C9 (at 0 1.43 90) (layer B.SilkS)
      (effects (font (size 1 1) (thickness 0.15)) (justify mirror))
    )
    (fp_text value 0.1uF (at 0 -1.43 90) (layer B.Fab)
      (effects (font (size 1 1) (thickness 0.15)) (justify mirror))
    )
    (fp_text user %R (at 0 0 90) (layer B.Fab)
      (effects (font (size 0.4 0.4) (thickness 0.06)) (justify mirror))
    )
    (fp_line (start 1.48 -0.73) (end -1.48 -0.73) (layer B.CrtYd) (width 0.05))
    (fp_line (start 1.48 0.73) (end 1.48 -0.73) (layer B.CrtYd) (width 0.05))
    (fp_line (start -1.48 0.73) (end 1.48 0.73) (layer B.CrtYd) (width 0.05))
    (fp_line (start -1.48 -0.73) (end -1.48 0.73) (layer B.CrtYd) (width 0.05))
    (fp_line (start -0.162779 -0.51) (end 0.162779 -0.51) (layer B.SilkS) (width 0.12))
    (fp_line (start -0.162779 0.51) (end 0.162779 0.51) (layer B.SilkS) (width 0.12))
    (fp_line (start 0.8 -0.4) (end -0.8 -0.4) (layer B.Fab) (width 0.1))
    (fp_line (start 0.8 0.4) (end 0.8 -0.4) (layer B.Fab) (width 0.1))
    (fp_line (start -0.8 0.4) (end 0.8 0.4) (layer B.Fab) (width 0.1))
    (fp_line (start -0.8 -0.4) (end -0.8 0.4) (layer B.Fab) (width 0.1))
    (pad 2 smd roundrect (at 0.7875 0 270) (size 0.875 0.95) (layers B.Cu B.Paste B.Mask) (roundrect_rratio 0.25)
      (net 1 GND))
    (pad 1 smd roundrect (at -0.7875 0 270) (size 0.875 0.95) (layers B.Cu B.Paste B.Mask) (roundrect_rratio 0.25)
      (net 58 +5V))
    (model ${KISYS3DMOD}/Capacitor_SMD.3dshapes/C_0603_1608Metric.wrl
      (at (xyz 0 0 0))
      (scale (xyz 1 1 1))
      (rotate (xyz 0 0 0))
    )
  )

  (module Resistor_SMD:R_0603_1608Metric (layer F.Cu) (tedit 5B301BBD) (tstamp 602DA9CF)
    (at 110.4265 136.9695)
    (descr "Resistor SMD 0603 (1608 Metric), square (rectangular) end terminal, IPC_7351 nominal, (Body size source: http://www.tortai-tech.com/upload/download/2011102023233369053.pdf), generated with kicad-footprint-generator")
    (tags resistor)
    (path /603907A9)
    (attr smd)
    (fp_text reference R13 (at 0 -1.43) (layer F.Fab)
      (effects (font (size 1 1) (thickness 0.15)))
    )
    (fp_text value 22Ohm (at 0 1.43) (layer F.Fab)
      (effects (font (size 1 1) (thickness 0.15)))
    )
    (fp_text user %R (at 0 0) (layer F.Fab)
      (effects (font (size 0.4 0.4) (thickness 0.06)))
    )
    (fp_line (start 1.48 0.73) (end -1.48 0.73) (layer F.CrtYd) (width 0.05))
    (fp_line (start 1.48 -0.73) (end 1.48 0.73) (layer F.CrtYd) (width 0.05))
    (fp_line (start -1.48 -0.73) (end 1.48 -0.73) (layer F.CrtYd) (width 0.05))
    (fp_line (start -1.48 0.73) (end -1.48 -0.73) (layer F.CrtYd) (width 0.05))
    (fp_line (start -0.162779 0.51) (end 0.162779 0.51) (layer F.SilkS) (width 0.12))
    (fp_line (start -0.162779 -0.51) (end 0.162779 -0.51) (layer F.SilkS) (width 0.12))
    (fp_line (start 0.8 0.4) (end -0.8 0.4) (layer F.Fab) (width 0.1))
    (fp_line (start 0.8 -0.4) (end 0.8 0.4) (layer F.Fab) (width 0.1))
    (fp_line (start -0.8 -0.4) (end 0.8 -0.4) (layer F.Fab) (width 0.1))
    (fp_line (start -0.8 0.4) (end -0.8 -0.4) (layer F.Fab) (width 0.1))
    (pad 2 smd roundrect (at 0.7875 0) (size 0.875 0.95) (layers F.Cu F.Paste F.Mask) (roundrect_rratio 0.25)
      (net 69 "Net-(J2-Pad10)"))
    (pad 1 smd roundrect (at -0.7875 0) (size 0.875 0.95) (layers F.Cu F.Paste F.Mask) (roundrect_rratio 0.25)
      (net 29 PWM_SERVO))
    (model ${KISYS3DMOD}/Resistor_SMD.3dshapes/R_0603_1608Metric.wrl
      (at (xyz 0 0 0))
      (scale (xyz 1 1 1))
      (rotate (xyz 0 0 0))
    )
  )

  (module Resistor_SMD:R_0603_1608Metric (layer F.Cu) (tedit 5B301BBD) (tstamp 603078B3)
    (at 41.91 148.59 270)
    (descr "Resistor SMD 0603 (1608 Metric), square (rectangular) end terminal, IPC_7351 nominal, (Body size source: http://www.tortai-tech.com/upload/download/2011102023233369053.pdf), generated with kicad-footprint-generator")
    (tags resistor)
    (path /605B6DAF)
    (attr smd)
    (fp_text reference R12 (at 0 -1.43 90) (layer F.Fab)
      (effects (font (size 1 1) (thickness 0.15)))
    )
    (fp_text value 390Ohm (at 0 1.43 90) (layer F.Fab)
      (effects (font (size 1 1) (thickness 0.15)))
    )
    (fp_text user %R (at 0 0 90) (layer F.Fab)
      (effects (font (size 0.4 0.4) (thickness 0.06)))
    )
    (fp_line (start 1.48 0.73) (end -1.48 0.73) (layer F.CrtYd) (width 0.05))
    (fp_line (start 1.48 -0.73) (end 1.48 0.73) (layer F.CrtYd) (width 0.05))
    (fp_line (start -1.48 -0.73) (end 1.48 -0.73) (layer F.CrtYd) (width 0.05))
    (fp_line (start -1.48 0.73) (end -1.48 -0.73) (layer F.CrtYd) (width 0.05))
    (fp_line (start -0.162779 0.51) (end 0.162779 0.51) (layer F.SilkS) (width 0.12))
    (fp_line (start -0.162779 -0.51) (end 0.162779 -0.51) (layer F.SilkS) (width 0.12))
    (fp_line (start 0.8 0.4) (end -0.8 0.4) (layer F.Fab) (width 0.1))
    (fp_line (start 0.8 -0.4) (end 0.8 0.4) (layer F.Fab) (width 0.1))
    (fp_line (start -0.8 -0.4) (end 0.8 -0.4) (layer F.Fab) (width 0.1))
    (fp_line (start -0.8 0.4) (end -0.8 -0.4) (layer F.Fab) (width 0.1))
    (pad 2 smd roundrect (at 0.7875 0 270) (size 0.875 0.95) (layers F.Cu F.Paste F.Mask) (roundrect_rratio 0.25)
      (net 71 "Net-(J4-Pad1)"))
    (pad 1 smd roundrect (at -0.7875 0 270) (size 0.875 0.95) (layers F.Cu F.Paste F.Mask) (roundrect_rratio 0.25)
      (net 1 GND))
    (model ${KISYS3DMOD}/Resistor_SMD.3dshapes/R_0603_1608Metric.wrl
      (at (xyz 0 0 0))
      (scale (xyz 1 1 1))
      (rotate (xyz 0 0 0))
    )
  )

  (module Resistor_SMD:R_0603_1608Metric (layer F.Cu) (tedit 5B301BBD) (tstamp 602DA9AD)
    (at 44.8945 151.13 180)
    (descr "Resistor SMD 0603 (1608 Metric), square (rectangular) end terminal, IPC_7351 nominal, (Body size source: http://www.tortai-tech.com/upload/download/2011102023233369053.pdf), generated with kicad-footprint-generator")
    (tags resistor)
    (path /605F673E)
    (attr smd)
    (fp_text reference R11 (at 0 -1.43) (layer F.Fab)
      (effects (font (size 1 1) (thickness 0.15)))
    )
    (fp_text value 33kOhm (at 0 1.43) (layer F.Fab)
      (effects (font (size 1 1) (thickness 0.15)))
    )
    (fp_text user %R (at 0 0) (layer F.Fab)
      (effects (font (size 0.4 0.4) (thickness 0.06)))
    )
    (fp_line (start 1.48 0.73) (end -1.48 0.73) (layer F.CrtYd) (width 0.05))
    (fp_line (start 1.48 -0.73) (end 1.48 0.73) (layer F.CrtYd) (width 0.05))
    (fp_line (start -1.48 -0.73) (end 1.48 -0.73) (layer F.CrtYd) (width 0.05))
    (fp_line (start -1.48 0.73) (end -1.48 -0.73) (layer F.CrtYd) (width 0.05))
    (fp_line (start -0.162779 0.51) (end 0.162779 0.51) (layer F.SilkS) (width 0.12))
    (fp_line (start -0.162779 -0.51) (end 0.162779 -0.51) (layer F.SilkS) (width 0.12))
    (fp_line (start 0.8 0.4) (end -0.8 0.4) (layer F.Fab) (width 0.1))
    (fp_line (start 0.8 -0.4) (end 0.8 0.4) (layer F.Fab) (width 0.1))
    (fp_line (start -0.8 -0.4) (end 0.8 -0.4) (layer F.Fab) (width 0.1))
    (fp_line (start -0.8 0.4) (end -0.8 -0.4) (layer F.Fab) (width 0.1))
    (pad 2 smd roundrect (at 0.7875 0 180) (size 0.875 0.95) (layers F.Cu F.Paste F.Mask) (roundrect_rratio 0.25)
      (net 72 "Net-(R10-Pad1)"))
    (pad 1 smd roundrect (at -0.7875 0 180) (size 0.875 0.95) (layers F.Cu F.Paste F.Mask) (roundrect_rratio 0.25)
      (net 1 GND))
    (model ${KISYS3DMOD}/Resistor_SMD.3dshapes/R_0603_1608Metric.wrl
      (at (xyz 0 0 0))
      (scale (xyz 1 1 1))
      (rotate (xyz 0 0 0))
    )
  )

  (module Resistor_SMD:R_0603_1608Metric (layer F.Cu) (tedit 5B301BBD) (tstamp 602DA99C)
    (at 43.307 152.908 180)
    (descr "Resistor SMD 0603 (1608 Metric), square (rectangular) end terminal, IPC_7351 nominal, (Body size source: http://www.tortai-tech.com/upload/download/2011102023233369053.pdf), generated with kicad-footprint-generator")
    (tags resistor)
    (path /605F5E61)
    (attr smd)
    (fp_text reference R10 (at 0 -1.43) (layer F.Fab)
      (effects (font (size 1 1) (thickness 0.15)))
    )
    (fp_text value 17kOhm (at 0 1.43) (layer F.Fab)
      (effects (font (size 1 1) (thickness 0.15)))
    )
    (fp_text user %R (at 0 0) (layer F.Fab)
      (effects (font (size 0.4 0.4) (thickness 0.06)))
    )
    (fp_line (start 1.48 0.73) (end -1.48 0.73) (layer F.CrtYd) (width 0.05))
    (fp_line (start 1.48 -0.73) (end 1.48 0.73) (layer F.CrtYd) (width 0.05))
    (fp_line (start -1.48 -0.73) (end 1.48 -0.73) (layer F.CrtYd) (width 0.05))
    (fp_line (start -1.48 0.73) (end -1.48 -0.73) (layer F.CrtYd) (width 0.05))
    (fp_line (start -0.162779 0.51) (end 0.162779 0.51) (layer F.SilkS) (width 0.12))
    (fp_line (start -0.162779 -0.51) (end 0.162779 -0.51) (layer F.SilkS) (width 0.12))
    (fp_line (start 0.8 0.4) (end -0.8 0.4) (layer F.Fab) (width 0.1))
    (fp_line (start 0.8 -0.4) (end 0.8 0.4) (layer F.Fab) (width 0.1))
    (fp_line (start -0.8 -0.4) (end 0.8 -0.4) (layer F.Fab) (width 0.1))
    (fp_line (start -0.8 0.4) (end -0.8 -0.4) (layer F.Fab) (width 0.1))
    (pad 2 smd roundrect (at 0.7875 0 180) (size 0.875 0.95) (layers F.Cu F.Paste F.Mask) (roundrect_rratio 0.25)
      (net 70 GEAR_POS_SIG_5V))
    (pad 1 smd roundrect (at -0.7875 0 180) (size 0.875 0.95) (layers F.Cu F.Paste F.Mask) (roundrect_rratio 0.25)
      (net 72 "Net-(R10-Pad1)"))
    (model ${KISYS3DMOD}/Resistor_SMD.3dshapes/R_0603_1608Metric.wrl
      (at (xyz 0 0 0))
      (scale (xyz 1 1 1))
      (rotate (xyz 0 0 0))
    )
  )

  (module Connector_Molex:Molex_PicoBlade_53398-0371_1x03-1MP_P1.25mm_Vertical (layer F.Cu) (tedit 5B78AD88) (tstamp 602D6067)
    (at 37.846 153.67 270)
    (descr "Molex PicoBlade series connector, 53398-0371 (http://www.molex.com/pdm_docs/sd/533980271_sd.pdf), generated with kicad-footprint-generator")
    (tags "connector Molex PicoBlade side entry")
    (path /602DFC2C)
    (attr smd)
    (fp_text reference J4 (at 0 -3.1 270) (layer F.Fab)
      (effects (font (size 1 1) (thickness 0.15)))
    )
    (fp_text value Conn_01x03 (at 0 4.2 270) (layer F.Fab)
      (effects (font (size 1 1) (thickness 0.15)))
    )
    (fp_text user %R (at 0 0.4 270) (layer F.Fab)
      (effects (font (size 1 1) (thickness 0.15)))
    )
    (fp_line (start -1.25 -0.392893) (end -0.75 -1.1) (layer F.Fab) (width 0.1))
    (fp_line (start -1.75 -1.1) (end -1.25 -0.392893) (layer F.Fab) (width 0.1))
    (fp_line (start 5.35 -2.4) (end -5.35 -2.4) (layer F.CrtYd) (width 0.05))
    (fp_line (start 5.35 3.5) (end 5.35 -2.4) (layer F.CrtYd) (width 0.05))
    (fp_line (start -5.35 3.5) (end 5.35 3.5) (layer F.CrtYd) (width 0.05))
