(kicad_pcb (version 20171130) (host pcbnew "(5.1.12)-1")

  (general
    (thickness 1.6)
    (drawings 13)
    (tracks 382)
    (zones 0)
    (modules 52)
    (nets 31)
  )

  (page A4)
  (layers
    (0 F.Cu signal)
    (31 B.Cu signal)
    (32 B.Adhes user)
    (33 F.Adhes user)
    (34 B.Paste user)
    (35 F.Paste user)
    (36 B.SilkS user)
    (37 F.SilkS user)
    (38 B.Mask user)
    (39 F.Mask user)
    (40 Dwgs.User user)
    (41 Cmts.User user)
    (42 Eco1.User user)
    (43 Eco2.User user)
    (44 Edge.Cuts user)
    (45 Margin user)
    (46 B.CrtYd user)
    (47 F.CrtYd user)
    (48 B.Fab user)
    (49 F.Fab user)
  )

  (setup
    (last_trace_width 0.25)
    (user_trace_width 0.5)
    (trace_clearance 0.2)
    (zone_clearance 0.508)
    (zone_45_only no)
    (trace_min 0.2)
    (via_size 0.8)
    (via_drill 0.4)
    (via_min_size 0.4)
    (via_min_drill 0.3)
    (uvia_size 0.3)
    (uvia_drill 0.1)
    (uvias_allowed no)
    (uvia_min_size 0.2)
    (uvia_min_drill 0.1)
    (edge_width 0.05)
    (segment_width 0.2)
    (pcb_text_width 0.3)
    (pcb_text_size 1.5 1.5)
    (mod_edge_width 0.12)
    (mod_text_size 1 1)
    (mod_text_width 0.15)
    (pad_size 1.524 1.524)
    (pad_drill 0.762)
    (pad_to_mask_clearance 0)
    (aux_axis_origin 0 0)
    (visible_elements 7FFFFFFF)
    (pcbplotparams
      (layerselection 0x010fc_ffffffff)
      (usegerberextensions true)
      (usegerberattributes false)
      (usegerberadvancedattributes false)
      (creategerberjobfile false)
      (excludeedgelayer true)
      (linewidth 0.100000)
      (plotframeref false)
      (viasonmask false)
      (mode 1)
      (useauxorigin false)
      (hpglpennumber 1)
      (hpglpenspeed 20)
      (hpglpendiameter 15.000000)
      (psnegative false)
      (psa4output false)
      (plotreference true)
      (plotvalue true)
      (plotinvisibletext false)
      (padsonsilk false)
      (subtractmaskfromsilk true)
      (outputformat 1)
      (mirror false)
      (drillshape 0)
      (scaleselection 1)
      (outputdirectory "Gerber/"))
  )

  (net 0 "")
  (net 1 GND)
  (net 2 +5V)
  (net 3 +12V)
  (net 4 TRIG)
  (net 5 "Net-(C8-Pad2)")
  (net 6 "Net-(C10-Pad2)")
  (net 7 "Net-(D1-Pad1)")
  (net 8 "Net-(D2-Pad1)")
  (net 9 COMP1)
  (net 10 COMP2)
  (net 11 "Net-(IC2-Pad3)")
  (net 12 "Net-(IC2-Pad6)")
  (net 13 "Net-(IC3-Pad3)")
  (net 14 "Net-(IC3-Pad6)")
  (net 15 "Net-(IC4-Pad7)")
  (net 16 "Net-(IC4-Pad5)")
  (net 17 "Net-(IC4-Pad3)")
  (net 18 "Net-(IC4-Pad2)")
  (net 19 "Net-(IC4-Pad1)")
  (net 20 "Net-(J1-Pad6)")
  (net 21 Bolide_in)
  (net 22 "Net-(K1-Pad3)")
  (net 23 Bolide_out)
  (net 24 OUT1)
  (net 25 OUT2)
  (net 26 Brake)
  (net 27 Throttle)
  (net 28 "Net-(D3-Pad2)")
  (net 29 "Net-(RV1-Pad1)")
  (net 30 "Net-(RV2-Pad1)")

  (net_class Default "This is the default net class."
    (clearance 0.2)
    (trace_width 0.25)
    (via_dia 0.8)
    (via_drill 0.4)
    (uvia_dia 0.3)
    (uvia_drill 0.1)
    (add_net +12V)
    (add_net +5V)
    (add_net Bolide_in)
    (add_net Bolide_out)
    (add_net Brake)
    (add_net COMP1)
    (add_net COMP2)
    (add_net GND)
    (add_net "Net-(C10-Pad2)")
    (add_net "Net-(C8-Pad2)")
    (add_net "Net-(D1-Pad1)")
    (add_net "Net-(D2-Pad1)")
    (add_net "Net-(D3-Pad2)")
    (add_net "Net-(IC2-Pad3)")
    (add_net "Net-(IC2-Pad6)")
    (add_net "Net-(IC3-Pad3)")
    (add_net "Net-(IC3-Pad6)")
    (add_net "Net-(IC4-Pad1)")
    (add_net "Net-(IC4-Pad2)")
    (add_net "Net-(IC4-Pad3)")
    (add_net "Net-(IC4-Pad5)")
    (add_net "Net-(IC4-Pad7)")
    (add_net "Net-(J1-Pad6)")
    (add_net "Net-(K1-Pad3)")
    (add_net "Net-(RV1-Pad1)")
    (add_net "Net-(RV2-Pad1)")
    (add_net OUT1)
    (add_net OUT2)
    (add_net TRIG)
    (add_net Throttle)
  )

  (module Capacitor_SMD:C_0805_2012Metric (layer F.Cu) (tedit 5F68FEEE) (tstamp 628E0D29)
    (at 102.87 77.47 180)
    (descr "Capacitor SMD 0805 (2012 Metric), square (rectangular) end terminal, IPC_7351 nominal, (Body size source: IPC-SM-782 page 76, https://www.pcb-3d.com/wordpress/wp-content/uploads/ipc-sm-782a_amendment_1_and_2.pdf, https://docs.google.com/spreadsheets/d/1BsfQQcO9C6DZCsRaXUlFlo91Tg2WpOkGARC1WS5S8t0/edit?usp=sharing), generated with kicad-footprint-generator")
    (tags capacitor)
    (path /627C5CEE)
    (attr smd)
    (fp_text reference C1 (at 0 -1.68) (layer F.SilkS)
      (effects (font (size 1 1) (thickness 0.15)))
    )
    (fp_text value 100n (at 0 1.68) (layer F.Fab)
      (effects (font (size 1 1) (thickness 0.15)))
    )
    (fp_line (start -1 0.625) (end -1 -0.625) (layer F.Fab) (width 0.1))
    (fp_line (start -1 -0.625) (end 1 -0.625) (layer F.Fab) (width 0.1))
    (fp_line (start 1 -0.625) (end 1 0.625) (layer F.Fab) (width 0.1))
    (fp_line (start 1 0.625) (end -1 0.625) (layer F.Fab) (width 0.1))
    (fp_line (start -0.261252 -0.735) (end 0.261252 -0.735) (layer F.SilkS) (width 0.12))
    (fp_line (start -0.261252 0.735) (end 0.261252 0.735) (layer F.SilkS) (width 0.12))
    (fp_line (start -1.7 0.98) (end -1.7 -0.98) (layer F.CrtYd) (width 0.05))
    (fp_line (start -1.7 -0.98) (end 1.7 -0.98) (layer F.CrtYd) (width 0.05))
    (fp_line (start 1.7 -0.98) (end 1.7 0.98) (layer F.CrtYd) (width 0.05))
    (fp_line (start 1.7 0.98) (end -1.7 0.98) (layer F.CrtYd) (width 0.05))
    (fp_text user %R (at 0 0) (layer F.Fab)
      (effects (font (size 0.5 0.5) (thickness 0.08)))
    )
    (pad 2 smd roundrect (at 0.95 0 180) (size 1 1.45) (layers F.Cu F.Paste F.Mask) (roundrect_rratio 0.25)
      (net 1 GND))
    (pad 1 smd roundrect (at -0.95 0 180) (size 1 1.45) (layers F.Cu F.Paste F.Mask) (roundrect_rratio 0.25)
      (net 2 +5V))
    (model ${KISYS3DMOD}/Capacitor_SMD.3dshapes/C_0805_2012Metric.wrl
      (at (xyz 0 0 0))
      (scale (xyz 1 1 1))
      (rotate (xyz 0 0 0))
    )
  )

  (module Capacitor_SMD:C_0805_2012Metric (layer F.Cu) (tedit 5F68FEEE) (tstamp 628E0D3A)
    (at 118.11 77.47 180)
    (descr "Capacitor SMD 0805 (2012 Metric), square (rectangular) end terminal, IPC_7351 nominal, (Body size source: IPC-SM-782 page 76, https://www.pcb-3d.com/wordpress/wp-content/uploads/ipc-sm-782a_amendment_1_and_2.pdf, https://docs.google.com/spreadsheets/d/1BsfQQcO9C6DZCsRaXUlFlo91Tg2WpOkGARC1WS5S8t0/edit?usp=sharing), generated with kicad-footprint-generator")
    (tags capacitor)
    (path /6280F606)
    (attr smd)
    (fp_text reference C2 (at 0 -1.68) (layer F.SilkS)
      (effects (font (size 1 1) (thickness 0.15)))
    )
    (fp_text value 100n (at 0 1.68) (layer F.Fab)
      (effects (font (size 1 1) (thickness 0.15)))
    )
    (fp_line (start -1 0.625) (end -1 -0.625) (layer F.Fab) (width 0.1))
    (fp_line (start -1 -0.625) (end 1 -0.625) (layer F.Fab) (width 0.1))
    (fp_line (start 1 -0.625) (end 1 0.625) (layer F.Fab) (width 0.1))
    (fp_line (start 1 0.625) (end -1 0.625) (layer F.Fab) (width 0.1))
    (fp_line (start -0.261252 -0.735) (end 0.261252 -0.735) (layer F.SilkS) (width 0.12))
    (fp_line (start -0.261252 0.735) (end 0.261252 0.735) (layer F.SilkS) (width 0.12))
    (fp_line (start -1.7 0.98) (end -1.7 -0.98) (layer F.CrtYd) (width 0.05))
    (fp_line (start -1.7 -0.98) (end 1.7 -0.98) (layer F.CrtYd) (width 0.05))
    (fp_line (start 1.7 -0.98) (end 1.7 0.98) (layer F.CrtYd) (width 0.05))
    (fp_line (start 1.7 0.98) (end -1.7 0.98) (layer F.CrtYd) (width 0.05))
    (fp_text user %R (at 0 0) (layer F.Fab)
      (effects (font (size 0.5 0.5) (thickness 0.08)))
    )
    (pad 2 smd roundrect (at 0.95 0 180) (size 1 1.45) (layers F.Cu F.Paste F.Mask) (roundrect_rratio 0.25)
      (net 1 GND))
    (pad 1 smd roundrect (at -0.95 0 180) (size 1 1.45) (layers F.Cu F.Paste F.Mask) (roundrect_rratio 0.25)
      (net 2 +5V))
    (model ${KISYS3DMOD}/Capacitor_SMD.3dshapes/C_0805_2012Metric.wrl
      (at (xyz 0 0 0))
      (scale (xyz 1 1 1))
      (rotate (xyz 0 0 0))
    )
  )

  (module Capacitor_SMD:C_0805_2012Metric (layer F.Cu) (tedit 5F68FEEE) (tstamp 628E0D4B)
    (at 121.92 95.25 90)
    (descr "Capacitor SMD 0805 (2012 Metric), square (rectangular) end terminal, IPC_7351 nominal, (Body size source: IPC-SM-782 page 76, https://www.pcb-3d.com/wordpress/wp-content/uploads/ipc-sm-782a_amendment_1_and_2.pdf, https://docs.google.com/spreadsheets/d/1BsfQQcO9C6DZCsRaXUlFlo91Tg2WpOkGARC1WS5S8t0/edit?usp=sharing), generated with kicad-footprint-generator")
    (tags capacitor)
    (path /6287753B)
    (attr smd)
    (fp_text reference C3 (at 0 -1.68 90) (layer F.SilkS)
      (effects (font (size 1 1) (thickness 0.15)))
    )
    (fp_text value 10u (at 0 1.68 90) (layer F.Fab)
      (effects (font (size 1 1) (thickness 0.15)))
    )
    (fp_line (start -1 0.625) (end -1 -0.625) (layer F.Fab) (width 0.1))
    (fp_line (start -1 -0.625) (end 1 -0.625) (layer F.Fab) (width 0.1))
    (fp_line (start 1 -0.625) (end 1 0.625) (layer F.Fab) (width 0.1))
    (fp_line (start 1 0.625) (end -1 0.625) (layer F.Fab) (width 0.1))
    (fp_line (start -0.261252 -0.735) (end 0.261252 -0.735) (layer F.SilkS) (width 0.12))
    (fp_line (start -0.261252 0.735) (end 0.261252 0.735) (layer F.SilkS) (width 0.12))
    (fp_line (start -1.7 0.98) (end -1.7 -0.98) (layer F.CrtYd) (width 0.05))
    (fp_line (start -1.7 -0.98) (end 1.7 -0.98) (layer F.CrtYd) (width 0.05))
    (fp_line (start 1.7 -0.98) (end 1.7 0.98) (layer F.CrtYd) (width 0.05))
    (fp_line (start 1.7 0.98) (end -1.7 0.98) (layer F.CrtYd) (width 0.05))
    (fp_text user %R (at 0 0 90) (layer F.Fab)
      (effects (font (size 0.5 0.5) (thickness 0.08)))
    )
    (pad 2 smd roundrect (at 0.95 0 90) (size 1 1.45) (layers F.Cu F.Paste F.Mask) (roundrect_rratio 0.25)
      (net 1 GND))
    (pad 1 smd roundrect (at -0.95 0 90) (size 1 1.45) (layers F.Cu F.Paste F.Mask) (roundrect_rratio 0.25)
      (net 3 +12V))
    (model ${KISYS3DMOD}/Capacitor_SMD.3dshapes/C_0805_2012Metric.wrl
      (at (xyz 0 0 0))
      (scale (xyz 1 1 1))
      (rotate (xyz 0 0 0))
    )
  )

  (module Capacitor_SMD:C_0805_2012Metric (layer F.Cu) (tedit 5F68FEEE) (tstamp 628E0D5C)
    (at 124.46 95.25 90)
    (descr "Capacitor SMD 0805 (2012 Metric), square (rectangular) end terminal, IPC_7351 nominal, (Body size source: IPC-SM-782 page 76, https://www.pcb-3d.com/wordpress/wp-content/uploads/ipc-sm-782a_amendment_1_and_2.pdf, https://docs.google.com/spreadsheets/d/1BsfQQcO9C6DZCsRaXUlFlo91Tg2WpOkGARC1WS5S8t0/edit?usp=sharing), generated with kicad-footprint-generator")
    (tags capacitor)
    (path /62878EC3)
    (attr smd)
    (fp_text reference C4 (at 0 -1.68 90) (layer F.SilkS)
      (effects (font (size 1 1) (thickness 0.15)))
    )
    (fp_text value 100n (at 0 1.68 90) (layer F.Fab)
      (effects (font (size 1 1) (thickness 0.15)))
    )
    (fp_line (start 1.7 0.98) (end -1.7 0.98) (layer F.CrtYd) (width 0.05))
    (fp_line (start 1.7 -0.98) (end 1.7 0.98) (layer F.CrtYd) (width 0.05))
    (fp_line (start -1.7 -0.98) (end 1.7 -0.98) (layer F.CrtYd) (width 0.05))
    (fp_line (start -1.7 0.98) (end -1.7 -0.98) (layer F.CrtYd) (width 0.05))
    (fp_line (start -0.261252 0.735) (end 0.261252 0.735) (layer F.SilkS) (width 0.12))
    (fp_line (start -0.261252 -0.735) (end 0.261252 -0.735) (layer F.SilkS) (width 0.12))
    (fp_line (start 1 0.625) (end -1 0.625) (layer F.Fab) (width 0.1))
    (fp_line (start 1 -0.625) (end 1 0.625) (layer F.Fab) (width 0.1))
    (fp_line (start -1 -0.625) (end 1 -0.625) (layer F.Fab) (width 0.1))
    (fp_line (start -1 0.625) (end -1 -0.625) (layer F.Fab) (width 0.1))
    (fp_text user %R (at 0 0 90) (layer F.Fab)
      (effects (font (size 0.5 0.5) (thickness 0.08)))
    )
    (pad 1 smd roundrect (at -0.95 0 90) (size 1 1.45) (layers F.Cu F.Paste F.Mask) (roundrect_rratio 0.25)
      (net 3 +12V))
    (pad 2 smd roundrect (at 0.95 0 90) (size 1 1.45) (layers F.Cu F.Paste F.Mask) (roundrect_rratio 0.25)
      (net 1 GND))
    (model ${KISYS3DMOD}/Capacitor_SMD.3dshapes/C_0805_2012Metric.wrl
      (at (xyz 0 0 0))
      (scale (xyz 1 1 1))
      (rotate (xyz 0 0 0))
    )
  )

  (module Capacitor_SMD:C_0805_2012Metric (layer F.Cu) (tedit 5F68FEEE) (tstamp 628E0D6D)
    (at 129.54 95.25 270)
    (descr "Capacitor SMD 0805 (2012 Metric), square (rectangular) end terminal, IPC_7351 nominal, (Body size source: IPC-SM-782 page 76, https://www.pcb-3d.com/wordpress/wp-content/uploads/ipc-sm-782a_amendment_1_and_2.pdf, https://docs.google.com/spreadsheets/d/1BsfQQcO9C6DZCsRaXUlFlo91Tg2WpOkGARC1WS5S8t0/edit?usp=sharing), generated with kicad-footprint-generator")
    (tags capacitor)
    (path /62879443)
    (attr smd)
    (fp_text reference C5 (at 0 -1.68 90) (layer F.SilkS)
      (effects (font (size 1 1) (thickness 0.15)))
    )
    (fp_text value 100n (at 0 1.68 90) (layer F.Fab)
      (effects (font (size 1 1) (thickness 0.15)))
    )
    (fp_line (start -1 0.625) (end -1 -0.625) (layer F.Fab) (width 0.1))
    (fp_line (start -1 -0.625) (end 1 -0.625) (layer F.Fab) (width 0.1))
    (fp_line (start 1 -0.625) (end 1 0.625) (layer F.Fab) (width 0.1))
    (fp_line (start 1 0.625) (end -1 0.625) (layer F.Fab) (width 0.1))
    (fp_line (start -0.261252 -0.735) (end 0.261252 -0.735) (layer F.SilkS) (width 0.12))
    (fp_line (start -0.261252 0.735) (end 0.261252 0.735) (layer F.SilkS) (width 0.12))
    (fp_line (start -1.7 0.98) (end -1.7 -0.98) (layer F.CrtYd) (width 0.05))
    (fp_line (start -1.7 -0.98) (end 1.7 -0.98) (layer F.CrtYd) (width 0.05))
    (fp_line (start 1.7 -0.98) (end 1.7 0.98) (layer F.CrtYd) (width 0.05))
    (fp_line (start 1.7 0.98) (end -1.7 0.98) (layer F.CrtYd) (width 0.05))
    (fp_text user %R (at 0 0 90) (layer F.Fab)
      (effects (font (size 0.5 0.5) (thickness 0.08)))
    )
    (pad 2 smd roundrect (at 0.95 0 270) (size 1 1.45) (layers F.Cu F.Paste F.Mask) (roundrect_rratio 0.25)
      (net 1 GND))
    (pad 1 smd roundrect (at -0.95 0 270) (size 1 1.45) (layers F.Cu F.Paste F.Mask) (roundrect_rratio 0.25)
      (net 2 +5V))
    (model ${KISYS3DMOD}/Capacitor_SMD.3dshapes/C_0805_2012Metric.wrl
      (at (xyz 0 0 0))
      (scale (xyz 1 1 1))
      (rotate (xyz 0 0 0))
    )
  )

  (module Capacitor_SMD:C_0805_2012Metric (layer F.Cu) (tedit 5F68FEEE) (tstamp 628E0D7E)
    (at 127 95.25 270)
    (descr "Capacitor SMD 0805 (2012 Metric), square (rectangular) end terminal, IPC_7351 nominal, (Body size source: IPC-SM-782 page 76, https://www.pcb-3d.com/wordpress/wp-content/uploads/ipc-sm-782a_amendment_1_and_2.pdf, https://docs.google.com/spreadsheets/d/1BsfQQcO9C6DZCsRaXUlFlo91Tg2WpOkGARC1WS5S8t0/edit?usp=sharing), generated with kicad-footprint-generator")
    (tags capacitor)
    (path /62879EBA)
    (attr smd)
    (fp_text reference C6 (at 0 -1.68 90) (layer F.SilkS)
      (effects (font (size 1 1) (thickness 0.15)))
    )
    (fp_text value 10u (at 0 1.68 90) (layer F.Fab)
      (effects (font (size 1 1) (thickness 0.15)))
    )
    (fp_line (start 1.7 0.98) (end -1.7 0.98) (layer F.CrtYd) (width 0.05))
    (fp_line (start 1.7 -0.98) (end 1.7 0.98) (layer F.CrtYd) (width 0.05))
    (fp_line (start -1.7 -0.98) (end 1.7 -0.98) (layer F.CrtYd) (width 0.05))
    (fp_line (start -1.7 0.98) (end -1.7 -0.98) (layer F.CrtYd) (width 0.05))
    (fp_line (start -0.261252 0.735) (end 0.261252 0.735) (layer F.SilkS) (width 0.12))
    (fp_line (start -0.261252 -0.735) (end 0.261252 -0.735) (layer F.SilkS) (width 0.12))
    (fp_line (start 1 0.625) (end -1 0.625) (layer F.Fab) (width 0.1))
    (fp_line (start 1 -0.625) (end 1 0.625) (layer F.Fab) (width 0.1))
    (fp_line (start -1 -0.625) (end 1 -0.625) (layer F.Fab) (width 0.1))
    (fp_line (start -1 0.625) (end -1 -0.625) (layer F.Fab) (width 0.1))
    (fp_text user %R (at 0 0 90) (layer F.Fab)
      (effects (font (size 0.5 0.5) (thickness 0.08)))
    )
    (pad 1 smd roundrect (at -0.95 0 270) (size 1 1.45) (layers F.Cu F.Paste F.Mask) (roundrect_rratio 0.25)
      (net 2 +5V))
    (pad 2 smd roundrect (at 0.95 0 270) (size 1 1.45) (layers F.Cu F.Paste F.Mask) (roundrect_rratio 0.25)
      (net 1 GND))
    (model ${KISYS3DMOD}/Capacitor_SMD.3dshapes/C_0805_2012Metric.wrl
      (at (xyz 0 0 0))
      (scale (xyz 1 1 1))
      (rotate (xyz 0 0 0))
    )
  )

  (module Capacitor_SMD:C_0805_2012Metric (layer B.Cu) (tedit 5F68FEEE) (tstamp 628E0D8F)
    (at 129.54 78.74 180)
    (descr "Capacitor SMD 0805 (2012 Metric), square (rectangular) end terminal, IPC_7351 nominal, (Body size source: IPC-SM-782 page 76, https://www.pcb-3d.com/wordpress/wp-content/uploads/ipc-sm-782a_amendment_1_and_2.pdf, https://docs.google.com/spreadsheets/d/1BsfQQcO9C6DZCsRaXUlFlo91Tg2WpOkGARC1WS5S8t0/edit?usp=sharing), generated with kicad-footprint-generator")
    (tags capacitor)
    (path /62814735)
    (attr smd)
    (fp_text reference C7 (at 0 1.68) (layer B.SilkS)
      (effects (font (size 1 1) (thickness 0.15)) (justify mirror))
    )
    (fp_text value 1u (at 0 -1.68) (layer B.Fab)
      (effects (font (size 1 1) (thickness 0.15)) (justify mirror))
    )
    (fp_line (start 1.7 -0.98) (end -1.7 -0.98) (layer B.CrtYd) (width 0.05))
    (fp_line (start 1.7 0.98) (end 1.7 -0.98) (layer B.CrtYd) (width 0.05))
    (fp_line (start -1.7 0.98) (end 1.7 0.98) (layer B.CrtYd) (width 0.05))
    (fp_line (start -1.7 -0.98) (end -1.7 0.98) (layer B.CrtYd) (width 0.05))
    (fp_line (start -0.261252 -0.735) (end 0.261252 -0.735) (layer B.SilkS) (width 0.12))
    (fp_line (start -0.261252 0.735) (end 0.261252 0.735) (layer B.SilkS) (width 0.12))
    (fp_line (start 1 -0.625) (end -1 -0.625) (layer B.Fab) (width 0.1))
    (fp_line (start 1 0.625) (end 1 -0.625) (layer B.Fab) (width 0.1))
    (fp_line (start -1 0.625) (end 1 0.625) (layer B.Fab) (width 0.1))
    (fp_line (start -1 -0.625) (end -1 0.625) (layer B.Fab) (width 0.1))
    (fp_text user %R (at 0 0) (layer B.Fab)
      (effects (font (size 0.5 0.5) (thickness 0.08)) (justify mirror))
    )
    (pad 1 smd roundrect (at -0.95 0 180) (size 1 1.45) (layers B.Cu B.Paste B.Mask) (roundrect_rratio 0.25)
      (net 4 TRIG))
    (pad 2 smd roundrect (at 0.95 0 180) (size 1 1.45) (layers B.Cu B.Paste B.Mask) (roundrect_rratio 0.25)
      (net 1 GND))
    (model ${KISYS3DMOD}/Capacitor_SMD.3dshapes/C_0805_2012Metric.wrl
      (at (xyz 0 0 0))
      (scale (xyz 1 1 1))
      (rotate (xyz 0 0 0))
    )
  )

  (module Capacitor_SMD:C_0805_2012Metric (layer F.Cu) (tedit 5F68FEEE) (tstamp 628E0DA0)
    (at 139.7 76.2 270)
    (descr "Capacitor SMD 0805 (2012 Metric), square (rectangular) end terminal, IPC_7351 nominal, (Body size source: IPC-SM-782 page 76, https://www.pcb-3d.com/wordpress/wp-content/uploads/ipc-sm-782a_amendment_1_and_2.pdf, https://docs.google.com/spreadsheets/d/1BsfQQcO9C6DZCsRaXUlFlo91Tg2WpOkGARC1WS5S8t0/edit?usp=sharing), generated with kicad-footprint-generator")
    (tags capacitor)
    (path /62839BD7)
    (attr smd)
    (fp_text reference C8 (at 0 -1.68 90) (layer F.SilkS)
      (effects (font (size 1 1) (thickness 0.15)))
    )
    (fp_text value 1u (at 0 1.68 90) (layer F.Fab)
      (effects (font (size 1 1) (thickness 0.15)))
    )
    (fp_line (start -1 0.625) (end -1 -0.625) (layer F.Fab) (width 0.1))
    (fp_line (start -1 -0.625) (end 1 -0.625) (layer F.Fab) (width 0.1))
    (fp_line (start 1 -0.625) (end 1 0.625) (layer F.Fab) (width 0.1))
    (fp_line (start 1 0.625) (end -1 0.625) (layer F.Fab) (width 0.1))
    (fp_line (start -0.261252 -0.735) (end 0.261252 -0.735) (layer F.SilkS) (width 0.12))
    (fp_line (start -0.261252 0.735) (end 0.261252 0.735) (layer F.SilkS) (width 0.12))
    (fp_line (start -1.7 0.98) (end -1.7 -0.98) (layer F.CrtYd) (width 0.05))
    (fp_line (start -1.7 -0.98) (end 1.7 -0.98) (layer F.CrtYd) (width 0.05))
    (fp_line (start 1.7 -0.98) (end 1.7 0.98) (layer F.CrtYd) (width 0.05))
    (fp_line (start 1.7 0.98) (end -1.7 0.98) (layer F.CrtYd) (width 0.05))
    (fp_text user %R (at 0 0 90) (layer F.Fab)
      (effects (font (size 0.5 0.5) (thickness 0.08)))
    )
    (pad 2 smd roundrect (at 0.95 0 270) (size 1 1.45) (layers F.Cu F.Paste F.Mask) (roundrect_rratio 0.25)
      (net 5 "Net-(C8-Pad2)"))
    (pad 1 smd roundrect (at -0.95 0 270) (size 1 1.45) (layers F.Cu F.Paste F.Mask) (roundrect_rratio 0.25)
      (net 2 +5V))
    (model ${KISYS3DMOD}/Capacitor_SMD.3dshapes/C_0805_2012Metric.wrl
      (at (xyz 0 0 0))
      (scale (xyz 1 1 1))
      (rotate (xyz 0 0 0))
    )
  )

  (module Capacitor_SMD:C_0805_2012Metric (layer B.Cu) (tedit 5F68FEEE) (tstamp 628E0DB1)
    (at 129.54 91.44 90)
    (descr "Capacitor SMD 0805 (2012 Metric), square (rectangular) end terminal, IPC_7351 nominal, (Body size source: IPC-SM-782 page 76, https://www.pcb-3d.com/wordpress/wp-content/uploads/ipc-sm-782a_amendment_1_and_2.pdf, https://docs.google.com/spreadsheets/d/1BsfQQcO9C6DZCsRaXUlFlo91Tg2WpOkGARC1WS5S8t0/edit?usp=sharing), generated with kicad-footprint-generator")
    (tags capacitor)
    (path /62817948)
    (attr smd)
    (fp_text reference C9 (at 0 1.68 90) (layer B.SilkS)
      (effects (font (size 1 1) (thickness 0.15)) (justify mirror))
    )
    (fp_text value 100n (at 0 -1.68 90) (layer B.Fab)
      (effects (font (size 1 1) (thickness 0.15)) (justify mirror))
    )
    (fp_line (start 1.7 -0.98) (end -1.7 -0.98) (layer B.CrtYd) (width 0.05))
    (fp_line (start 1.7 0.98) (end 1.7 -0.98) (layer B.CrtYd) (width 0.05))
    (fp_line (start -1.7 0.98) (end 1.7 0.98) (layer B.CrtYd) (width 0.05))
    (fp_line (start -1.7 -0.98) (end -1.7 0.98) (layer B.CrtYd) (width 0.05))
    (fp_line (start -0.261252 -0.735) (end 0.261252 -0.735) (layer B.SilkS) (width 0.12))
    (fp_line (start -0.261252 0.735) (end 0.261252 0.735) (layer B.SilkS) (width 0.12))
    (fp_line (start 1 -0.625) (end -1 -0.625) (layer B.Fab) (width 0.1))
    (fp_line (start 1 0.625) (end 1 -0.625) (layer B.Fab) (width 0.1))
    (fp_line (start -1 0.625) (end 1 0.625) (layer B.Fab) (width 0.1))
    (fp_line (start -1 -0.625) (end -1 0.625) (layer B.Fab) (width 0.1))
    (fp_text user %R (at 0 0 90) (layer B.Fab)
      (effects (font (size 0.5 0.5) (thickness 0.08)) (justify mirror))
    )
    (pad 1 smd roundrect (at -0.95 0 90) (size 1 1.45) (layers B.Cu B.Paste B.Mask) (roundrect_rratio 0.25)
      (net 2 +5V))
    (pad 2 smd roundrect (at 0.95 0 90) (size 1 1.45) (layers B.Cu B.Paste B.Mask) (roundrect_rratio 0.25)
      (net 1 GND))
    (model ${KISYS3DMOD}/Capacitor_SMD.3dshapes/C_0805_2012Metric.wrl
      (at (xyz 0 0 0))
      (scale (xyz 1 1 1))
      (rotate (xyz 0 0 0))
    )
  )

  (module Capacitor_SMD:C_0805_2012Metric (layer F.Cu) (tedit 5F68FEEE) (tstamp 628E0DC2)
    (at 128.27 76.2 270)
    (descr "Capacitor SMD 0805 (2012 Metric), square (rectangular) end terminal, IPC_7351 nominal, (Body size source: IPC-SM-782 page 76, https://www.pcb-3d.com/wordpress/wp-content/uploads/ipc-sm-782a_amendment_1_and_2.pdf, https://docs.google.com/spreadsheets/d/1BsfQQcO9C6DZCsRaXUlFlo91Tg2WpOkGARC1WS5S8t0/edit?usp=sharing), generated with kicad-footprint-generator")
    (tags capacitor)
    (path /628434B9)
    (attr smd)
    (fp_text reference C10 (at 0 -1.68 90) (layer F.SilkS)
      (effects (font (size 1 1) (thickness 0.15)))
    )
    (fp_text value 100n (at 0 1.68 90) (layer F.Fab)
      (effects (font (size 1 1) (thickness 0.15)))
    )
    (fp_line (start 1.7 0.98) (end -1.7 0.98) (layer F.CrtYd) (width 0.05))
    (fp_line (start 1.7 -0.98) (end 1.7 0.98) (layer F.CrtYd) (width 0.05))
    (fp_line (start -1.7 -0.98) (end 1.7 -0.98) (layer F.CrtYd) (width 0.05))
    (fp_line (start -1.7 0.98) (end -1.7 -0.98) (layer F.CrtYd) (width 0.05))
    (fp_line (start -0.261252 0.735) (end 0.261252 0.735) (layer F.SilkS) (width 0.12))
    (fp_line (start -0.261252 -0.735) (end 0.261252 -0.735) (layer F.SilkS) (width 0.12))
    (fp_line (start 1 0.625) (end -1 0.625) (layer F.Fab) (width 0.1))
    (fp_line (start 1 -0.625) (end 1 0.625) (layer F.Fab) (width 0.1))
    (fp_line (start -1 -0.625) (end 1 -0.625) (layer F.Fab) (width 0.1))
    (fp_line (start -1 0.625) (end -1 -0.625) (layer F.Fab) (width 0.1))
    (fp_text user %R (at 0 0 90) (layer F.Fab)
      (effects (font (size 0.5 0.5) (thickness 0.08)))
    )
    (pad 1 smd roundrect (at -0.95 0 270) (size 1 1.45) (layers F.Cu F.Paste F.Mask) (roundrect_rratio 0.25)
      (net 2 +5V))
    (pad 2 smd roundrect (at 0.95 0 270) (size 1 1.45) (layers F.Cu F.Paste F.Mask) (roundrect_rratio 0.25)
      (net 6 "Net-(C10-Pad2)"))
    (model ${KISYS3DMOD}/Capacitor_SMD.3dshapes/C_0805_2012Metric.wrl
      (at (xyz 0 0 0))
      (scale (xyz 1 1 1))
      (rotate (xyz 0 0 0))
    )
  )

  (module SamacSys_Parts:1SS357TPH3F (layer F.Cu) (tedit 0) (tstamp 628E0DD7)
    (at 107.95 85.09)
    (descr "USC (1-1E1A)")
    (tags "TVS Diode (Bi-directional)")
    (path /6283FA19)
    (attr smd)
    (fp_text reference D1 (at 0 0.2) (layer F.SilkS)
      (effects (font (size 1.27 1.27) (thickness 0.254)))
    )
    (fp_text value DF2B36FU,H3F (at 0 0.2) (layer F.SilkS) hide
      (effects (font (size 1.27 1.27) (thickness 0.254)))
    )
    (fp_line (start 0 1.9) (end 0 1.9) (layer F.SilkS) (width 0.1))
    (fp_line (start -0.1 1.9) (end -0.1 1.9) (layer F.SilkS) (width 0.1))
    (fp_line (start 0.625 -0.85) (end 0.625 0.85) (layer F.SilkS) (width 0.1))
    (fp_line (start -0.625 -0.85) (end -0.625 0.85) (layer F.SilkS) (width 0.1))
    (fp_line (start -1.625 2.95) (end -1.625 -2.55) (layer F.CrtYd) (width 0.1))
    (fp_line (start 1.625 2.95) (end -1.625 2.95) (layer F.CrtYd) (width 0.1))
    (fp_line (start 1.625 -2.55) (end 1.625 2.95) (layer F.CrtYd) (width 0.1))
    (fp_line (start -1.625 -2.55) (end 1.625 -2.55) (layer F.CrtYd) (width 0.1))
    (fp_line (start -0.625 0.85) (end -0.625 -0.85) (layer F.Fab) (width 0.2))
    (fp_line (start 0.625 0.85) (end -0.625 0.85) (layer F.Fab) (width 0.2))
    (fp_line (start 0.625 -0.85) (end 0.625 0.85) (layer F.Fab) (width 0.2))
    (fp_line (start -0.625 -0.85) (end 0.625 -0.85) (layer F.Fab) (width 0.2))
    (fp_text user %R (at 0 0.2) (layer F.Fab)
      (effects (font (size 1.27 1.27) (thickness 0.254)))
    )
    (fp_arc (start -0.05 1.9) (end -0.1 1.9) (angle 180) (layer F.SilkS) (width 0.1))
    (fp_arc (start -0.05 1.9) (end 0 1.9) (angle 180) (layer F.SilkS) (width 0.1))
    (pad 1 smd rect (at 0 1.15 90) (size 0.8 0.9) (layers F.Cu F.Paste F.Mask)
      (net 7 "Net-(D1-Pad1)"))
    (pad 2 smd rect (at 0 -1.15 90) (size 0.8 0.9) (layers F.Cu F.Paste F.Mask)
      (net 1 GND))
    (model DF2B36FU,H3F.stp
      (at (xyz 0 0 0))
      (scale (xyz 1 1 1))
      (rotate (xyz -90 0 0))
    )
  )

  (module SamacSys_Parts:1SS357TPH3F (layer F.Cu) (tedit 0) (tstamp 628E0DEC)
    (at 111.76 85.09)
    (descr "USC (1-1E1A)")
    (tags "TVS Diode (Bi-directional)")
    (path /6286414E)
    (attr smd)
    (fp_text reference D2 (at 0 0.2) (layer F.SilkS)
      (effects (font (size 1.27 1.27) (thickness 0.254)))
    )
    (fp_text value DF2B36FU,H3F (at 0 0.2) (layer F.SilkS) hide
      (effects (font (size 1.27 1.27) (thickness 0.254)))
    )
    (fp_line (start -0.625 -0.85) (end 0.625 -0.85) (layer F.Fab) (width 0.2))
    (fp_line (start 0.625 -0.85) (end 0.625 0.85) (layer F.Fab) (width 0.2))
    (fp_line (start 0.625 0.85) (end -0.625 0.85) (layer F.Fab) (width 0.2))
    (fp_line (start -0.625 0.85) (end -0.625 -0.85) (layer F.Fab) (width 0.2))
    (fp_line (start -1.625 -2.55) (end 1.625 -2.55) (layer F.CrtYd) (width 0.1))
    (fp_line (start 1.625 -2.55) (end 1.625 2.95) (layer F.CrtYd) (width 0.1))
    (fp_line (start 1.625 2.95) (end -1.625 2.95) (layer F.CrtYd) (width 0.1))
    (fp_line (start -1.625 2.95) (end -1.625 -2.55) (layer F.CrtYd) (width 0.1))
    (fp_line (start -0.625 -0.85) (end -0.625 0.85) (layer F.SilkS) (width 0.1))
    (fp_line (start 0.625 -0.85) (end 0.625 0.85) (layer F.SilkS) (width 0.1))
    (fp_line (start -0.1 1.9) (end -0.1 1.9) (layer F.SilkS) (width 0.1))
    (fp_line (start 0 1.9) (end 0 1.9) (layer F.SilkS) (width 0.1))
    (fp_arc (start -0.05 1.9) (end 0 1.9) (angle 180) (layer F.SilkS) (width 0.1))
    (fp_arc (start -0.05 1.9) (end -0.1 1.9) (angle 180) (layer F.SilkS) (width 0.1))
    (fp_text user %R (at 0 0.2) (layer F.Fab)
      (effects (font (size 1.27 1.27) (thickness 0.254)))
    )
    (pad 2 smd rect (at 0 -1.15 90) (size 0.8 0.9) (layers F.Cu F.Paste F.Mask)
      (net 1 GND))
    (pad 1 smd rect (at 0 1.15 90) (size 0.8 0.9) (layers F.Cu F.Paste F.Mask)
      (net 8 "Net-(D2-Pad1)"))
    (model DF2B36FU,H3F.stp
      (at (xyz 0 0 0))
      (scale (xyz 1 1 1))
      (rotate (xyz -90 0 0))
    )
  )

  (module SamacSys_Parts:SOT95P280X145-5N (layer B.Cu) (tedit 0) (tstamp 628E0E04)
    (at 102.87 85.09)
    (descr SOT23)
    (tags "Integrated Circuit")
    (path /62808716)
    (attr smd)
    (fp_text reference IC1 (at 0 0) (layer B.SilkS)
      (effects (font (size 1.27 1.27) (thickness 0.254)) (justify mirror))
    )
    (fp_text value SN74AHC1G02DBVR (at 0 0) (layer B.SilkS) hide
      (effects (font (size 1.27 1.27) (thickness 0.254)) (justify mirror))
    )
    (fp_line (start -1.85 1.5) (end -0.65 1.5) (layer B.SilkS) (width 0.2))
    (fp_line (start -0.3 -1.45) (end -0.3 1.45) (layer B.SilkS) (width 0.2))
    (fp_line (start 0.3 -1.45) (end -0.3 -1.45) (layer B.SilkS) (width 0.2))
    (fp_line (start 0.3 1.45) (end 0.3 -1.45) (layer B.SilkS) (width 0.2))
    (fp_line (start -0.3 1.45) (end 0.3 1.45) (layer B.SilkS) (width 0.2))
    (fp_line (start -0.8 0.5) (end 0.15 1.45) (layer B.Fab) (width 0.1))
    (fp_line (start -0.8 -1.45) (end -0.8 1.45) (layer B.Fab) (width 0.1))
    (fp_line (start 0.8 -1.45) (end -0.8 -1.45) (layer B.Fab) (width 0.1))
    (fp_line (start 0.8 1.45) (end 0.8 -1.45) (layer B.Fab) (width 0.1))
    (fp_line (start -0.8 1.45) (end 0.8 1.45) (layer B.Fab) (width 0.1))
    (fp_line (start -2.1 -1.775) (end -2.1 1.775) (layer B.CrtYd) (width 0.05))
    (fp_line (start 2.1 -1.775) (end -2.1 -1.775) (layer B.CrtYd) (width 0.05))
    (fp_line (start 2.1 1.775) (end 2.1 -1.775) (layer B.CrtYd) (width 0.05))
    (fp_line (start -2.1 1.775) (end 2.1 1.775) (layer B.CrtYd) (width 0.05))
    (fp_text user %R (at 0 0) (layer B.Fab)
      (effects (font (size 1.27 1.27) (thickness 0.254)) (justify mirror))
    )
    (pad 1 smd rect (at -1.25 0.95 270) (size 0.6 1.2) (layers B.Cu B.Paste B.Mask)
      (net 9 COMP1))
    (pad 2 smd rect (at -1.25 0 270) (size 0.6 1.2) (layers B.Cu B.Paste B.Mask)
      (net 10 COMP2))
    (pad 3 smd rect (at -1.25 -0.95 270) (size 0.6 1.2) (layers B.Cu B.Paste B.Mask)
      (net 1 GND))
    (pad 4 smd rect (at 1.25 -0.95 270) (size 0.6 1.2) (layers B.Cu B.Paste B.Mask)
      (net 4 TRIG))
    (pad 5 smd rect (at 1.25 0.95 270) (size 0.6 1.2) (layers B.Cu B.Paste B.Mask)
      (net 2 +5V))
    (model SN74AHC1G02DBVR.stp
      (at (xyz 0 0 0))
      (scale (xyz 1 1 1))
      (rotate (xyz 0 0 0))
    )
  )

  (module SamacSys_Parts:SOIC127P600X175-8N (layer F.Cu) (tedit 0) (tstamp 628E0E1F)
    (at 101.6 85.09)
    (descr D0008A)
    (tags "Integrated Circuit")
    (path /627C18BC)
    (attr smd)
    (fp_text reference IC2 (at 0 0) (layer F.SilkS)
      (effects (font (size 1.27 1.27) (thickness 0.254)))
    )
    (fp_text value LM393AD (at 0 0) (layer F.SilkS) hide
      (effects (font (size 1.27 1.27) (thickness 0.254)))
    )
    (fp_line (start -3.475 -2.58) (end -1.948 -2.58) (layer F.SilkS) (width 0.2))
    (fp_line (start -1.598 2.452) (end -1.598 -2.452) (layer F.SilkS) (width 0.2))
    (fp_line (start 1.598 2.452) (end -1.598 2.452) (layer F.SilkS) (width 0.2))
    (fp_line (start 1.598 -2.452) (end 1.598 2.452) (layer F.SilkS) (width 0.2))
    (fp_line (start -1.598 -2.452) (end 1.598 -2.452) (layer F.SilkS) (width 0.2))
    (fp_line (start -1.948 -1.182) (end -0.678 -2.452) (layer F.Fab) (width 0.1))
    (fp_line (start -1.948 2.452) (end -1.948 -2.452) (layer F.Fab) (width 0.1))
    (fp_line (start 1.948 2.452) (end -1.948 2.452) (layer F.Fab) (width 0.1))
    (fp_line (start 1.948 -2.452) (end 1.948 2.452) (layer F.Fab) (width 0.1))
    (fp_line (start -1.948 -2.452) (end 1.948 -2.452) (layer F.Fab) (width 0.1))
    (fp_line (start -3.725 2.75) (end -3.725 -2.75) (layer F.CrtYd) (width 0.05))
    (fp_line (start 3.725 2.75) (end -3.725 2.75) (layer F.CrtYd) (width 0.05))
    (fp_line (start 3.725 -2.75) (end 3.725 2.75) (layer F.CrtYd) (width 0.05))
    (fp_line (start -3.725 -2.75) (end 3.725 -2.75) (layer F.CrtYd) (width 0.05))
    (fp_text user %R (at 0 0) (layer F.Fab)
      (effects (font (size 1.27 1.27) (thickness 0.254)))
    )
    (pad 1 smd rect (at -2.711 -1.905 90) (size 0.65 1.528) (layers F.Cu F.Paste F.Mask)
      (net 9 COMP1))
    (pad 2 smd rect (at -2.711 -0.635 90) (size 0.65 1.528) (layers F.Cu F.Paste F.Mask)
      (net 7 "Net-(D1-Pad1)"))
    (pad 3 smd rect (at -2.711 0.635 90) (size 0.65 1.528) (layers F.Cu F.Paste F.Mask)
      (net 11 "Net-(IC2-Pad3)"))
    (pad 4 smd rect (at -2.711 1.905 90) (size 0.65 1.528) (layers F.Cu F.Paste F.Mask)
      (net 1 GND))
    (pad 5 smd rect (at 2.711 1.905 90) (size 0.65 1.528) (layers F.Cu F.Paste F.Mask)
      (net 7 "Net-(D1-Pad1)"))
    (pad 6 smd rect (at 2.711 0.635 90) (size 0.65 1.528) (layers F.Cu F.Paste F.Mask)
      (net 12 "Net-(IC2-Pad6)"))
    (pad 7 smd rect (at 2.711 -0.635 90) (size 0.65 1.528) (layers F.Cu F.Paste F.Mask)
      (net 9 COMP1))
    (pad 8 smd rect (at 2.711 -1.905 90) (size 0.65 1.528) (layers F.Cu F.Paste F.Mask)
      (net 2 +5V))
    (model LM393AD.stp
      (at (xyz 0 0 0))
      (scale (xyz 1 1 1))
      (rotate (xyz 0 0 0))
    )
  )

  (module SamacSys_Parts:SOIC127P600X175-8N (layer F.Cu) (tedit 0) (tstamp 628E0E3A)
    (at 118.11 85.09)
    (descr D0008A)
    (tags "Integrated Circuit")
    (path /6280F5FA)
    (attr smd)
    (fp_text reference IC3 (at 0 0) (layer F.SilkS)
      (effects (font (size 1.27 1.27) (thickness 0.254)))
    )
    (fp_text value LM393AD (at 0 0) (layer F.SilkS) hide
      (effects (font (size 1.27 1.27) (thickness 0.254)))
    )
    (fp_line (start -3.475 -2.58) (end -1.948 -2.58) (layer F.SilkS) (width 0.2))
    (fp_line (start -1.598 2.452) (end -1.598 -2.452) (layer F.SilkS) (width 0.2))
    (fp_line (start 1.598 2.452) (end -1.598 2.452) (layer F.SilkS) (width 0.2))
    (fp_line (start 1.598 -2.452) (end 1.598 2.452) (layer F.SilkS) (width 0.2))
    (fp_line (start -1.598 -2.452) (end 1.598 -2.452) (layer F.SilkS) (width 0.2))
    (fp_line (start -1.948 -1.182) (end -0.678 -2.452) (layer F.Fab) (width 0.1))
    (fp_line (start -1.948 2.452) (end -1.948 -2.452) (layer F.Fab) (width 0.1))
    (fp_line (start 1.948 2.452) (end -1.948 2.452) (layer F.Fab) (width 0.1))
    (fp_line (start 1.948 -2.452) (end 1.948 2.452) (layer F.Fab) (width 0.1))
    (fp_line (start -1.948 -2.452) (end 1.948 -2.452) (layer F.Fab) (width 0.1))
    (fp_line (start -3.725 2.75) (end -3.725 -2.75) (layer F.CrtYd) (width 0.05))
    (fp_line (start 3.725 2.75) (end -3.725 2.75) (layer F.CrtYd) (width 0.05))
    (fp_line (start 3.725 -2.75) (end 3.725 2.75) (layer F.CrtYd) (width 0.05))
    (fp_line (start -3.725 -2.75) (end 3.725 -2.75) (layer F.CrtYd) (width 0.05))
    (fp_text user %R (at 0 0) (layer F.Fab)
      (effects (font (size 1.27 1.27) (thickness 0.254)))
    )
    (pad 1 smd rect (at -2.711 -1.905 90) (size 0.65 1.528) (layers F.Cu F.Paste F.Mask)
      (net 10 COMP2))
    (pad 2 smd rect (at -2.711 -0.635 90) (size 0.65 1.528) (layers F.Cu F.Paste F.Mask)
      (net 8 "Net-(D2-Pad1)"))
    (pad 3 smd rect (at -2.711 0.635 90) (size 0.65 1.528) (layers F.Cu F.Paste F.Mask)
      (net 13 "Net-(IC3-Pad3)"))
    (pad 4 smd rect (at -2.711 1.905 90) (size 0.65 1.528) (layers F.Cu F.Paste F.Mask)
      (net 1 GND))
    (pad 5 smd rect (at 2.711 1.905 90) (size 0.65 1.528) (layers F.Cu F.Paste F.Mask)
      (net 8 "Net-(D2-Pad1)"))
    (pad 6 smd rect (at 2.711 0.635 90) (size 0.65 1.528) (layers F.Cu F.Paste F.Mask)
      (net 14 "Net-(IC3-Pad6)"))
    (pad 7 smd rect (at 2.711 -0.635 90) (size 0.65 1.528) (layers F.Cu F.Paste F.Mask)
      (net 10 COMP2))
    (pad 8 smd rect (at 2.711 -1.905 90) (size 0.65 1.528) (layers F.Cu F.Paste F.Mask)
      (net 2 +5V))
    (model LM393AD.stp
      (at (xyz 0 0 0))
      (scale (xyz 1 1 1))
      (rotate (xyz 0 0 0))
    )
  )

  (module SamacSys_Parts:SOIC127P600X175-8N (layer B.Cu) (tedit 0) (tstamp 628E0E55)
    (at 125.73 86.36 180)
    (descr D0008A)
    (tags "Integrated Circuit")
    (path /628122A2)
    (attr smd)
    (fp_text reference IC4 (at 0 0) (layer B.SilkS)
      (effects (font (size 1.27 1.27) (thickness 0.254)) (justify mirror))
    )
    (fp_text value LM393AD (at 0 0) (layer B.SilkS) hide
      (effects (font (size 1.27 1.27) (thickness 0.254)) (justify mirror))
    )
    (fp_line (start -3.725 2.75) (end 3.725 2.75) (layer B.CrtYd) (width 0.05))
    (fp_line (start 3.725 2.75) (end 3.725 -2.75) (layer B.CrtYd) (width 0.05))
    (fp_line (start 3.725 -2.75) (end -3.725 -2.75) (layer B.CrtYd) (width 0.05))
    (fp_line (start -3.725 -2.75) (end -3.725 2.75) (layer B.CrtYd) (width 0.05))
    (fp_line (start -1.948 2.452) (end 1.948 2.452) (layer B.Fab) (width 0.1))
    (fp_line (start 1.948 2.452) (end 1.948 -2.452) (layer B.Fab) (width 0.1))
    (fp_line (start 1.948 -2.452) (end -1.948 -2.452) (layer B.Fab) (width 0.1))
    (fp_line (start -1.948 -2.452) (end -1.948 2.452) (layer B.Fab) (width 0.1))
    (fp_line (start -1.948 1.182) (end -0.678 2.452) (layer B.Fab) (width 0.1))
    (fp_line (start -1.598 2.452) (end 1.598 2.452) (layer B.SilkS) (width 0.2))
    (fp_line (start 1.598 2.452) (end 1.598 -2.452) (layer B.SilkS) (width 0.2))
    (fp_line (start 1.598 -2.452) (end -1.598 -2.452) (layer B.SilkS) (width 0.2))
    (fp_line (start -1.598 -2.452) (end -1.598 2.452) (layer B.SilkS) (width 0.2))
    (fp_line (start -3.475 2.58) (end -1.948 2.58) (layer B.SilkS) (width 0.2))
    (fp_text user %R (at 0 0) (layer B.Fab)
      (effects (font (size 1.27 1.27) (thickness 0.254)) (justify mirror))
    )
    (pad 8 smd rect (at 2.711 1.905 90) (size 0.65 1.528) (layers B.Cu B.Paste B.Mask)
      (net 2 +5V))
    (pad 7 smd rect (at 2.711 0.635 90) (size 0.65 1.528) (layers B.Cu B.Paste B.Mask)
      (net 15 "Net-(IC4-Pad7)"))
    (pad 6 smd rect (at 2.711 -0.635 90) (size 0.65 1.528) (layers B.Cu B.Paste B.Mask)
      (net 5 "Net-(C8-Pad2)"))
    (pad 5 smd rect (at 2.711 -1.905 90) (size 0.65 1.528) (layers B.Cu B.Paste B.Mask)
      (net 16 "Net-(IC4-Pad5)"))
    (pad 4 smd rect (at -2.711 -1.905 90) (size 0.65 1.528) (layers B.Cu B.Paste B.Mask)
      (net 1 GND))
    (pad 3 smd rect (at -2.711 -0.635 90) (size 0.65 1.528) (layers B.Cu B.Paste B.Mask)
      (net 17 "Net-(IC4-Pad3)"))
    (pad 2 smd rect (at -2.711 0.635 90) (size 0.65 1.528) (layers B.Cu B.Paste B.Mask)
      (net 18 "Net-(IC4-Pad2)"))
    (pad 1 smd rect (at -2.711 1.905 90) (size 0.65 1.528) (layers B.Cu B.Paste B.Mask)
      (net 19 "Net-(IC4-Pad1)"))
    (model LM393AD.stp
      (at (xyz 0 0 0))
      (scale (xyz 1 1 1))
      (rotate (xyz 0 0 0))
    )
  )

  (module Connector_PinHeader_2.54mm:PinHeader_2x03_P2.54mm_Vertical (layer F.Cu) (tedit 59FED5CC) (tstamp 628E0E71)
    (at 119.08 96.52 180)
    (descr "Through hole straight pin header, 2x03, 2.54mm pitch, double rows")
    (tags "Through hole pin header THT 2x03 2.54mm double row")
    (path /628E2F88)
    (fp_text reference J1 (at 1.27 -2.33) (layer F.SilkS)
      (effects (font (size 1 1) (thickness 0.15)))
    )
    (fp_text value Conn_02x03_Odd_Even (at 1.27 7.41) (layer F.Fab)
      (effects (font (size 1 1) (thickness 0.15)))
    )
    (fp_line (start 4.35 -1.8) (end -1.8 -1.8) (layer F.CrtYd) (width 0.05))
    (fp_line (start 4.35 6.85) (end 4.35 -1.8) (layer F.CrtYd) (width 0.05))
    (fp_line (start -1.8 6.85) (end 4.35 6.85) (layer F.CrtYd) (width 0.05))
    (fp_line (start -1.8 -1.8) (end -1.8 6.85) (layer F.CrtYd) (width 0.05))
    (fp_line (start -1.33 -1.33) (end 0 -1.33) (layer F.SilkS) (width 0.12))
    (fp_line (start -1.33 0) (end -1.33 -1.33) (layer F.SilkS) (width 0.12))
    (fp_line (start 1.27 -1.33) (end 3.87 -1.33) (layer F.SilkS) (width 0.12))
